chr bp p rsid
9 20600043 0.880586906674418 rs623001
9 20600666 0.882789501477478 rs620286
9 20601177 0.925768737121956 rs668703
9 20602188 0.919452627350719 rs7867710
9 20602393 0.00602056632992006 rs113625520
9 20602551 0.92305048062191 rs7852677
9 20602561 0.923123126374019 rs4977434
9 20603298 0.963215024138424 rs2775265
9 20603364 0.89547342712411 rs2775264
9 20603758 0.970012201804642 rs756728
9 20604461 0.77422145806347 rs734477
9 20604678 0.856045675574666 rs3127153
9 20605854 0.336618847508295 rs10964636
9 20606428 0.519471561677844 rs623828
9 20606999 0.488469203947793 rs7873127
9 20607376 0.355774053549002 rs1633699
9 20607659 0.918068645211984 rs72701944
9 20608176 0.940768099597786 rs2519455
9 20608182 0.940768099597786 rs4246841
9 20608377 0.923207329915554 rs2780840
9 20608912 0.49918473535717 rs2188230
9 20609909 0.484792217975139 rs7868378
9 20610914 0.818767024993584 rs2780839
9 20612516 0.385836354102827 rs2780841
9 20613945 0.839895763126626 rs2780842
9 20614309 0.339749387503701 rs2780843
9 20614444 0.864429808095101 rs2780844
9 20615210 0.447062986172501 rs7036546
9 20615736 0.866129211440994 rs2780847
9 20615942 0.880722144894981 rs2780848
9 20616618 0.648986141874562 rs7868612
9 20617114 0.463928118412109 rs10811376
9 20618516 0.262148450206975 rs2991262
9 20620575 0.664688633419336 rs2073855
9 20620596 0.348009329994532 rs2780835
9 20621574 0.305907755988543 rs2780836
9 20623283 0.901527579582829 rs7875326
9 20623446 0.880947276087621 rs2073854
9 20623450 0.901399749186057 rs10811377
9 20623914 0.00288261142489712 rs77077960
9 20624532 0.756360789864014 rs2073853
9 20625228 0.22112834540266 rs2519454
9 20625875 0.931234999804275 rs2188229
9 20626009 0.899410201430575 rs2188231
9 20626205 0.682555579997494 rs2383140
9 20626662 0.660261356059477 rs7874260
9 20626809 0.47551885328288 rs7858853
9 20629336 0.503215534103654 rs2780838
9 20629553 0.263806974200899 rs1548378
9 20629757 0.107576556013385 rs745658
9 20629833 0.235300759685794 rs733829
9 20631633 0.0878477912030171 rs1548377
9 20632043 0.114077274891818 rs1548376
9 20636973 0.604088226015041 rs1889225
9 20638248 0.82804490886651 rs6475467
9 20638749 0.408038809500769 rs75360517
9 20638974 0.671725219126638 rs10811379
9 20639319 0.345589097849581 rs10964640
9 20639801 0.345563684803956 rs4977436
9 20640817 0.130154243857899 rs10119003
9 20640873 0.184546119525189 rs34961907
9 20640968 0.130131734263614 rs9298807
9 20641181 0.130050209425193 rs2383141
9 20641792 0.164092437604019 rs10811380
9 20642438 0.559743307636078 rs4129311
9 20642517 0.513600274316501 rs4129310
9 20642609 0.548980663356653 rs7851779
9 20642865 0.24268034192944 rs17752740
9 20647169 0.552992642854399 rs2383142
9 20647373 0.935436220079949 rs17758873
9 20647523 0.844332048508774 rs72701960
9 20648504 0.925295272870932 rs7847103
9 20648805 0.243858899370617 rs7019271
9 20649156 0.380644777701031 rs4246842
9 20649540 0.844343477151381 rs2383143
9 20649638 0.383104784146143 rs12349809
9 20649757 0.93914893850726 rs2383144
9 20649911 0.93914893850726 rs2383145
9 20650912 0.834054342372733 rs10964643
9 20651453 0.746402735979949 rs10811381
9 20651621 0.330221020567588 rs78283853
9 20652056 0.740538303757438 rs10811382
9 20652174 0.737562675811073 rs10811383
9 20653457 0.392470237788244 rs9298808
9 20653875 0.819007793855392 rs10811384
9 20653940 0.325041031938917 rs4314729
9 20653978 0.818878536515525 rs10811385
9 20654515 0.192246350112042 rs10964645
9 20654666 0.447010641601156 rs9644854
9 20655256 0.56083030959639 rs9886691
9 20655393 0.819141850643876 rs72701962
9 20658706 0.376371147089204 rs56758258
9 20659270 0.0117227934323438 rs113127190
9 20662649 0.0661014437360872 rs12352933
9 20662703 0.0484296902988572 rs7847880
9 20663039 0.160393906890917 rs80214940
9 20663063 0.0199055096795554 rs9886755
9 20663498 0.160189476656959 rs12684794
9 20663847 0.00142448708133168 rs2383146
9 20663982 0.00142333185329787 rs2383147
9 20664322 0.160233807594294 rs12337009
9 20664771 0.0160481117297249 rs4977438
9 20665071 0.0153207955922991 rs7859426
9 20665425 0.160060995722825 rs17831942
9 20666417 0.0160834002225388 rs4509428
9 20666605 0.160125419561335 rs17831954
9 20666639 0.16000176105724 rs17758909
9 20668315 0.146940708047125 rs7856578
9 20668879 0.14652401903354 rs10964650
9 20669824 0.0202258130695481 rs4440707
9 20669940 0.0016157765773769 rs4357385
9 20670092 0.0202315230988122 rs10811387
9 20670187 0.146766133460532 rs4596728
9 20670385 0.00162527764621031 rs10811388
9 20670573 0.0199670991960059 rs7872857
9 20670719 0.020370436911021 rs7873117
9 20670966 0.00162517294939326 rs7859334
9 20671245 0.326805401825772 rs7846936
9 20671356 0.14645828306699 rs79970983
9 20671512 0.0439882772951469 rs6475469
9 20671938 0.147702137032357 rs10964652
9 20672450 0.0016264972894989 rs7851326
9 20672659 0.146628853696211 rs7851878
9 20674079 0.144744427940644 rs73647612
9 20675372 0.146443537483128 rs12685818
9 20676454 0.00580268047550642 rs7867822
9 20676771 0.146402271344645 rs79129978
9 20676901 0.146824166031892 rs7868428
9 20678439 0.000125634069636219 rs10964654
9 20678454 0.146705506054019 rs28606656
9 20678602 0.146822663887099 rs10122604
9 20679192 0.146822663887099 rs10964655
9 20680198 0.0464689850893071 rs1889226
9 20683404 0.147192208126925 rs12338810
9 20684010 0.146683612769684 rs28362534
9 20684205 0.146733601481344 rs28362535
9 20684602 0.146895146550889 rs3802504
9 20685097 0.147131669525313 rs10123948
9 20685150 0.147319663550743 rs10117757
9 20685207 0.644094833462022 rs7869259
9 20685335 0.147319663550743 rs10117816
9 20685532 0.146865176833377 rs10964657
9 20685996 0.146865176833377 rs76263094
9 20686095 0.147370025489787 rs7029956
9 20686561 0.147280322143311 rs10964658
9 20687170 0.00159119384978597 rs4977259
9 20688117 0.147165495254234 rs12336110
9 20688272 0.00162408634288694 rs10964659
9 20688837 0.130799890115041 rs10811389
9 20688953 0.130799890115041 rs10964660
9 20689293 0.0354998690245424 rs4977441
9 20690244 0.130752686291992 rs10964661
9 20691002 0.012579623415839 rs4399021
9 20691188 0.140263421232883 rs10757143
9 20691274 0.130746866695563 rs10964663
9 20692014 0.13097330349061 rs10811391
9 20692438 0.272089414993782 rs10738564
9 20692664 0.131191303347401 rs7468319
9 20694595 0.0175254734787123 rs7869373
9 20696043 0.164329818054899 rs7848159
9 20696315 0.0412364298733312 rs10811392
9 20697053 3.09517695076284e-06 rs13286847
9 20698741 0.000197366851859147 rs62549788
9 20699295 0.0227926483740533 rs10757144
9 20700081 0.000842018977122681 rs8181199
9 20700838 0.0562790421073219 rs10964665
9 20701045 0.0498194380369897 rs60838440
9 20701305 0.617551232958058 rs1332311
9 20701427 0.0489807962010126 rs10811393
9 20702320 0.00582925777337167 rs34088696
9 20702418 0.0431688227598042 rs7023131
9 20702985 0.022852072905004 rs4977762
9 20703288 0.000143915862187993 rs10964666
9 20703774 0.32018969144218 rs62549790
9 20703928 0.0005026391284127 rs1332312
9 20704320 0.0955910421140572 rs10811394
9 20704772 0.520031964700617 rs17832026
9 20704889 0.000107205420207959 rs13297976
9 20705736 0.0203143599385593 rs4977582
9 20706122 0.182953032336485 rs10964667
9 20707639 0.755951273646514 rs1332317
9 20708217 0.321808897258949 rs77229803
9 20710322 0.321393363544454 rs113506077
9 20710351 0.0753037192705577 rs10964669
9 20710798 0.0025569227746047 rs1930050
9 20710896 0.1162642022614 rs12376200
9 20711053 0.00571889894043387 rs10811395
9 20712027 0.011768119243288 rs72701990
9 20712660 0.0512749552536333 rs10964670
9 20713068 0.125649526259502 rs4977831
9 20714014 0.0206418302829495 rs2039391
9 20715312 0.332847558043294 rs56301631
9 20715692 0.706929817274096 rs72701992
9 20715713 0.343468279526191 rs56125262
9 20715811 0.0176662330197789 rs2383148
9 20716880 0.0330438362843282 rs12684948
9 20716955 0.0281675779222472 rs7867470
9 20717020 0.582252126001816 rs12683110
9 20717414 0.0169848819873833 rs6475470
9 20718374 0.168990314730906 rs62549794
9 20719262 0.251954033683201 rs62549795
9 20719867 0.000165490902339722 rs7022666
9 20720599 0.0730302540541899 rs4977898
9 20721762 0.325223968420667 rs62549796
9 20722098 0.0765838200848669 rs7027768
9 20722755 0.24679316037389 rs7043382
9 20722830 0.391471212565846 rs10964675
9 20723087 0.0254753605130789 rs7046563
9 20723228 0.00531118899881467 rs2039388
9 20723260 4.14794667331261e-07 rs10964676
9 20723320 0.913452262672753 rs74664350
9 20723468 0.0366136179858585 rs10964677
9 20723505 0.00830815027717454 rs7032875
9 20725063 0.276280687912681 rs10738565
9 20726571 0.173781798620619 rs1888920
9 20729220 0.342327428880852 rs12375966
9 20731003 0.217537749674974 rs7027761
9 20731703 0.0495376849965867 rs7028481
9 20731778 0.0444239251563597 rs7028397
9 20732092 0.0632280210577122 rs2012901
9 20732943 0.00229507867284753 rs55723044
9 20733601 0.0814312158826061 rs34774191
9 20734661 0.971472931012592 rs7026949
9 20734868 0.0157047178140255 rs1475659
9 20735234 1.22827642056316e-07 rs1556476
9 20735284 1.58954823610449e-07 rs1556477
9 20736589 0.0172821823396113 rs2039394
9 20736595 0.330677520560208 rs2383149
9 20737290 0.649661751250498 rs62551164
9 20737847 0.00101787861881161 rs10511689
9 20739042 0.0260792897062626 rs7031527
9 20739123 0.00273830119435859 rs17832099
9 20739231 0.0213763133642621 rs4978017
9 20739563 7.65902800740157e-09 rs4978018
9 20739882 0.00624168175699477 rs4446809
9 20740077 0.800474088645194 rs10115318
9 20740433 0.0141812714901618 rs17685673
9 20740671 0.00975741172977644 rs7030093
9 20741299 0.000563989617240591 rs12376538
9 20742210 1.03390891826569e-08 rs7021708
9 20742648 0.000748820548474947 rs883599
9 20742687 0.000749158785065503 rs883600
9 20742770 0.000594110960015866 rs883601
9 20742963 0.239051705828121 rs914605
9 20743572 0.0504215876511193 rs4977695
9 20744371 0.0214677808061896 rs10511688
9 20744747 0.0214154315247099 rs35017288
9 20745877 0.00263509925893041 rs35740725
9 20746014 0.0215859363682192 rs56317300
9 20746267 0.511142142820678 rs1999570
9 20746506 0.000525690294456987 rs72703912
9 20747070 0.0185627397377888 rs7043296
9 20748003 0.000901231674595434 rs17832135
9 20749244 0.00706224961542902 rs10738566
9 20749291 0.318326895700738 rs10757145
9 20749871 0.00295257780320504 rs1332322
9 20750142 0.00706265018228475 rs1332323
9 20750336 0.00706265018228475 rs6475471
9 20750387 0.00329866066223939 rs11795070
9 20754419 0.744668212703239 rs17685780
9 20755174 1.59265824029542e-07 rs4978111
9 20755576 0.846852108919015 rs16938151
9 20756524 0.254822804279042 rs4612463
9 20756547 0.24944732791807 rs1475660
9 20756950 0.00335171087450655 rs1999569
9 20757661 0.00502779327880602 rs11789291
9 20758306 0.945607388034974 rs7851363
9 20759199 0.754605473241774 rs62557522
9 20760133 0.000894060982558227 rs35713966
9 20760738 0.00772059350606983 rs5018487
9 20761327 0.00548830729812126 rs62557524
9 20761441 0.00772492984719906 rs7856026
9 20761488 0.00133158121362882 rs13291925
9 20762189 1.97541106090864e-08 rs10964688
9 20762473 0.00772532874477796 rs6475472
9 20762645 8.08370476265737e-08 rs2151002
9 20762832 0.00772492289161663 rs4644345
9 20762863 5.79430411604822e-08 rs2183931
9 20762926 8.10726873574485e-05 rs17832189
9 20763513 0.0033259956637841 rs12164232
9 20763619 0.0032980753122439 rs35022509
9 20763840 0.0048193028899501 rs16938162
9 20763995 0.000144012881068564 rs12552249
9 20764193 0.0215357200933398 rs7026167
9 20764870 0.00336031350727605 rs10511687
9 20765097 5.23920653082624e-08 rs7871811
9 20765205 0.805138232233126 rs62557526
9 20766254 4.18658212748362e-08 rs10811399
9 20769987 0.00047988829728431 rs7860490
9 20770487 1.05871082273721e-05 rs9298810
9 20771893 0.718514939238894 rs62557530
9 20772285 0.0041358321187645 rs10120279
9 20772542 0.00622183218751616 rs11789636
9 20773526 4.76834794778189e-09 rs7854443
9 20774296 8.71908875917079e-05 rs10964693
9 20774336 0.776291636207761 rs7858494
9 20774591 3.37917605709458e-08 rs10448160
9 20774661 0.000127736732286324 rs10964694
9 20774961 0.21354654618353 rs62557531
9 20775272 4.68158022438564e-08 rs10448161
9 20776283 8.05143525750243e-05 rs12378436
9 20776743 1.89969113827167e-09 rs12551126
9 20777008 0.00638579029692367 rs10811400
9 20777849 0.00334166257243745 rs13293125
9 20778631 0.00638346819337584 rs7875153
9 20779004 0.00253301962751756 rs7849260
9 20779006 0.0206425232425637 rs4977729
9 20779244 0.00283277878729992 rs7021616
9 20779474 8.91769383834035e-06 rs10964695
9 20779843 0.00224561820181489 rs4978125
9 20779947 0.0248297980472322 rs12236027
9 20780016 0.694183359076006 rs7033259
9 20780196 7.20862140781618e-05 rs12684520
9 20780566 0.00383341665879506 rs11795090
9 20781979 0.000654634817142564 rs6475473
9 20782100 6.9572138781098e-09 rs7027599
9 20782260 0.0208523077399524 rs7042524
9 20782514 0.00641619006109498 rs1332321
9 20783283 0.00641201225741905 rs10964696
9 20783330 6.97507548967688e-09 rs7859871
9 20783663 0.00255612547934866 rs34192626
9 20783670 0.00115689773918274 rs7873988
9 20784518 1.09183618618305e-05 rs72703925
9 20785099 0.00470444286316646 rs10964697
9 20785364 0.922871264176423 rs62557555
9 20785402 0.00467936338976635 rs10123723
9 20785446 0.00625384695623849 rs4978128
9 20785644 0.00403135868389165 rs34406128
9 20785852 0.00299436681317451 rs34901298
9 20786473 0.00624447742327294 rs4978129
9 20786691 0.799640044902346 rs17685984
9 20786870 8.71333095251851e-05 rs10964698
9 20786877 3.55776389624779e-08 rs7029608
9 20786994 8.71586251693644e-05 rs10511686
9 20787098 0.786453160848616 rs62557557
9 20788135 0.00266202248753826 rs868899
9 20788919 9.07040836069615e-05 rs72703926
9 20789159 9.13711344938804e-05 rs10964700
9 20789841 9.0714577923411e-05 rs10964701
9 20789869 0.000108022252792715 rs10964702
9 20790018 9.94724642146715e-05 rs60841575
9 20790247 9.77725061303485e-05 rs58997320
9 20790513 0.246741486866063 rs10811401
9 20790622 0.752292196273773 rs2150999
9 20791695 7.97862036923191e-09 rs6475474
9 20792057 0.902751269980697 rs17753248
9 20793203 0.00600469485032282 rs4977731
9 20793269 0.845758824807604 rs7036612
9 20793445 0.177026665426926 rs4977732
9 20793622 0.845707282133077 rs7036788
9 20793946 1.28244179452784e-08 rs10511685
9 20794271 0.0539227635844474 rs116034445
9 20794591 0.00601672708422941 rs4333699
9 20794627 0.000230505637823793 rs10757146
9 20795289 0.00600975076658776 rs7045166
9 20795332 0.857020421407047 rs17686052
9 20795735 0.000228303294394437 rs10964704
9 20795845 0.000228201989107377 rs10964705
9 20797243 9.74380620725253e-05 rs10811406
9 20800136 0.731271915221063 rs79739344
9 20800782 5.83730349824017e-08 rs11792466
9 20801250 9.58623869318177e-05 rs10122278
9 20801401 3.7141423128285e-05 rs34102699
9 20801472 1.69539769003634e-08 rs11789050
9 20801595 1.53150218815584e-08 rs2039389
9 20801654 9.5914037715649e-05 rs10964709
9 20801991 0.00546444419574383 rs2039390
9 20802452 0.002568783044394 rs6475476
9 20802671 9.59122818941709e-05 rs10123225
9 20803597 1.43717172122227e-08 rs2151003
9 20804131 1.35465573824203e-08 rs7046488
9 20804446 0.0054737081551752 rs7858506
9 20805089 1.13785456715648e-05 rs17759355
9 20805270 3.22501317607621e-05 rs10811408
9 20806466 0.00230078224651959 rs10964712
9 20806987 0.64631272981193 rs73647673
9 20807813 0.0177271742712973 rs4977740
9 20808040 0.00545664859358563 rs4977741
9 20808245 1.14284183119779e-05 rs12685470
9 20810021 0.587456323639394 rs62557559
9 20810216 9.68107201825805e-08 rs35612917
9 20811113 4.06146426609727e-09 rs10511684
9 20811210 0.0490666605269082 rs10511683
9 20811311 9.58510187489683e-05 rs10964716
9 20811402 2.03264423446326e-08 rs13297201
9 20811421 0.00010800292994622 rs10511682
9 20811573 9.58423251747716e-05 rs10964717
9 20812056 9.58595668061099e-05 rs10964718
9 20812116 4.06153473043974e-09 rs7848701
9 20812414 0.00426364976931038 rs7848983
9 20813766 0.00551838923234555 rs7853809
9 20814142 2.88840796485264e-09 rs10964719
9 20814152 0.997876771341573 rs62560461
9 20815426 0.999084568777424 rs12002339
9 20815907 0.000349636560330558 rs6475477
9 20815995 0.00551351376411884 rs6475478
9 20816085 1.24285301267219e-05 rs17759393
9 20816127 5.31080120821839e-10 rs10964729
9 20816225 0.964461763365839 rs62560482
9 20817348 4.87485999787242e-07 rs13290844
9 20817421 0.353548062793751 rs62560483
9 20817711 0.00273334326925669 rs4977751
9 20817835 0.00234000024563337 rs4977752
9 20818519 9.0695853000424e-14 rs13296842
9 20819452 0.396878308925805 rs62560484
9 20819500 0.394207657729941 rs62560485
9 20821218 2.01743875685056e-08 rs13283718
9 20821287 0.00254373314167069 rs1556475
9 20822078 4.32553461239883e-13 rs3898946
9 20822194 3.72755836718533e-05 rs7854465
9 20822666 4.31643408697406e-13 rs10757147
9 20823314 0.00258625311718579 rs17759424
9 20823419 3.72859956895813e-05 rs10811411
9 20823617 3.6779069256042e-05 rs10511681
9 20823879 3.97584356840973e-05 rs10757148
9 20825635 0.00260262602052263 rs7867326
9 20825682 0.413371533066259 rs7851807
9 20826029 0.0012868140476394 rs10964730
9 20827114 1.1885013948248e-13 rs7859786
9 20828693 2.56640754426489e-05 rs10964732
9 20828705 1.14189066641443e-10 rs7388989
9 20829428 0.00251884975225277 rs28495957
9 20830067 0.993706642921814 rs13284320
9 20830610 0.00266572505543313 rs7850906
9 20831382 0.000132496723326877 rs10811412
9 20831512 0.000132504082767268 rs10811413
9 20831915 0.000774853053783247 rs10757149
9 20832095 6.3261096077363e-13 rs4977760
9 20832301 0.000132493368365302 rs7030843
9 20832509 0.42419467442379 rs62560486
9 20832641 0.397716516416868 rs62560487
9 20832998 1.54102825428859e-11 rs7859295
9 20833117 1.54305368206083e-11 rs10125768
9 20833244 0.000132134793632615 rs10811414
9 20834837 0.00143212559637075 rs2026994
9 20834853 0.423986957682348 rs62560488
9 20836862 0.0027931382669744 rs2151001
9 20837543 0.0595588359607272 rs7022350
9 20839798 0.000998137159651909 rs10964733
9 20840033 1.43437447420778e-11 rs4977579
9 20840606 0.0020896558344406 rs10964734
9 20840838 0.0148204816210471 rs7870627
9 20841222 3.62426212588862e-05 rs12338491
9 20841370 1.31744706435043e-09 rs10964735
9 20841481 0.00266147810599059 rs7860343
9 20841827 0.014855666362938 rs7874803
9 20842631 3.91308004016058e-05 rs61312764
9 20842711 0.760374783666978 rs13284328
9 20843155 0.0244306710083841 rs10123700
9 20843841 0.00206918042923309 rs7025868
9 20844196 0.0225272082492038 rs10757150
9 20844590 0.997207092478146 rs12552823
9 20845818 0.0209554471610183 rs9298811
9 20845937 0.02308598871891 rs1412443
9 20846444 0.873669709253554 rs12554885
9 20847869 0.593865488736114 rs10964739
9 20848364 0.773648760411385 rs35157245
9 20848483 0.792025402372404 rs59533952
9 20848855 0.0026626737922394 rs10811415
9 20849608 0.00265963591699188 rs1930051
9 20849927 0.00265963591699188 rs1332313
9 20850204 5.76387411727969e-10 rs2383150
9 20851231 0.952510934471654 rs34955931
9 20852330 1.52860074188644e-11 rs976966
9 20852767 0.0181808411930259 rs78211962
9 20852984 0.00277764025830926 rs1332315
9 20853019 0.952730762762051 rs71504751
9 20853085 0.0160063359047498 rs1332316
9 20854449 5.42688259972192e-05 rs1543677
9 20854666 0.0158944407443391 rs1543679
9 20855200 0.00277726435420912 rs2151000
9 20855437 0.0160095919979098 rs2891149
9 20855894 8.12672525611168e-10 rs11788043
9 20856566 0.840968029729621 rs13293139
9 20856850 0.0204048173620107 rs10115478
9 20857745 0.00278192449931326 rs10811416
9 20857949 0.0187507030618273 rs1576815
9 20858062 0.00278533375883709 rs10757151
9 20859675 2.65138520632914e-10 rs10964741
9 20859847 0.00238106628262769 rs10757152
9 20860686 2.49021508114252e-10 rs7038859
9 20862061 0.0160123377570996 rs2383151
9 20862324 0.0160132894349321 rs2383152
9 20862355 0.00278003312461603 rs2383153
9 20862506 2.2255666014956e-11 rs4977779
9 20862515 0.0156446588614852 rs4977780
9 20863691 0.952580299556414 rs34029052
9 20864016 0.0160087522139878 rs10811417
9 20867809 0.0293706257923907 rs2383154
9 20868172 0.0275203536019468 rs2383155
9 20868259 1.13315855586121e-06 rs13289216
9 20868328 0.0293737681657392 rs7467003
9 20869345 0.810421390287781 rs79660000
9 20872842 1.51210411192271e-06 rs11789503
9 20873224 0.03030960816755 rs4977786
9 20873846 0.00287499710901892 rs6475482
9 20873922 0.674314750066051 rs10511691
9 20875453 6.81631307588986e-05 rs12377926
9 20876259 0.0167903317269058 rs1986633
9 20876470 0.00270406132473878 rs2383168
9 20876513 0.0208273660916878 rs1986632
9 20877160 0.00270195827587291 rs10757153
9 20877908 0.69663934729612 rs76973827
9 20878220 0.727489910677776 rs13296404
9 20879301 4.81279061972862e-05 rs10964747
9 20881007 7.74017107604253e-05 rs10811419
9 20881218 7.70214585901101e-05 rs10811420
9 20881587 0.0162139256495802 rs7036993
9 20882117 0.00442727364854423 rs7026225
9 20882525 0.00463316949758406 rs6475483
9 20882909 7.71078993492518e-05 rs10757154
9 20883199 0.00455856159138319 rs2383169
9 20883241 0.695294639770722 rs2891154
9 20883411 0.00454710267856792 rs4977790
9 20883686 6.50186641329949e-05 rs7045896
9 20883713 0.00454710267856792 rs2383170
9 20884697 1.24284420312594e-10 rs10122724
9 20885240 1.0054886916291e-08 rs2383156
9 20886882 1.19181832648874e-05 rs7044578
9 20887390 0.748485057622878 rs34161539
9 20887736 6.53333745750804e-05 rs10964748
9 20888639 0.00654203167300982 rs2383157
9 20888732 6.39176369637947e-09 rs2383158
9 20889075 0.00445581982831613 rs4537385
9 20889222 0.695244755871192 rs62560511
9 20889406 0.00445282350467959 rs7868100
9 20889934 1.77533251345594e-09 rs10811421
9 20889948 1.47615938306037e-06 rs34207854
9 20890017 0.495469162111509 rs62560512
9 20890316 8.82146523314926e-06 rs12379622
9 20890466 7.07685368821945e-10 rs10811422
9 20890669 0.85724941906979 rs7850387
9 20891125 0.0153612816285334 rs2891150
9 20891171 0.859877589217513 rs7853915
9 20891237 0.00196627462799088 rs10757155
9 20891385 0.677023160722364 rs71504753
9 20891711 0.676803409715351 rs13290452
9 20891855 0.0256661715616265 rs2383159
9 20892230 0.0256707552378823 rs7030476
9 20892508 0.0240903360235007 rs10811423
9 20892595 0.0167599591615599 rs10811424
9 20892952 0.00251628393336793 rs10738569
9 20893580 0.860613355130776 rs12553271
9 20893698 0.00251639269716469 rs7862868
9 20893744 0.797856020300385 rs34030229
9 20893927 0.796823340069374 rs62560514
9 20894588 0.907572685370862 rs12551121
9 20894711 1.12645861647593e-06 rs72703967
9 20894819 0.00251838713503082 rs4342709
9 20896749 0.00196921715224749 rs4623525
9 20896899 0.0170584032463092 rs4474106
9 20896915 5.64572140375715e-05 rs7034513
9 20896938 0.00197201493065823 rs7049134
9 20897266 0.00285642821187836 rs11531714
9 20897584 0.0170694697249325 rs7850074
9 20898092 0.642981190873875 rs34154924
9 20898233 3.26662173102492e-09 rs12236288
9 20898330 4.85457906959737e-05 rs10811425
9 20898642 4.89790681043904e-05 rs10964749
9 20899294 3.10082009325822e-09 rs4977794
9 20899301 3.10831028254005e-09 rs4977795
9 20901318 3.06355107344828e-09 rs7873676
9 20901333 3.06119190787059e-09 rs7873682
9 20902081 1.22463392085053e-10 rs10757156
9 20902719 6.67452033179472e-10 rs7849011
9 20903287 3.09091352369949e-09 rs7852825
9 20903773 1.11715271307942e-06 rs13288653
9 20904117 0.771905640504687 rs7856509
9 20905064 0.0163395576704936 rs4977589
9 20905349 0.7717301639215 rs34030675
9 20905384 6.80608151926662e-11 rs3955234
9 20906716 5.49239711337824e-10 rs7038206
9 20906866 5.48729680408273e-10 rs7023980
9 20908374 7.99188409855234e-11 rs4288451
9 20908513 1.60001788778997e-09 rs2383162
9 20908571 1.59706454758152e-09 rs2383163
9 20908656 1.59603735851382e-10 rs2383164
9 20908750 0.678115785656231 rs2891152
9 20909336 1.6005518673271e-09 rs4565546
9 20909506 1.60180604889148e-09 rs7848435
9 20911015 0.678515638246227 rs17691892
9 20911833 1.60904524392092e-10 rs2891153
9 20911913 1.60993478476629e-10 rs2383166
9 20912325 0.511140374211021 rs7465826
9 20913230 1.58997870412307e-09 rs2383167
9 20913797 1.6006562998945e-09 rs4977807
9 20915997 0.700987773152117 rs7033577
9 20916402 6.34378287767648e-11 rs10964755
9 20916665 2.51986375888817e-10 rs4977811
9 20916828 2.21406064058354e-11 rs4977812
9 20919502 1.52097646212179e-09 rs10811427
9 20919583 1.61842135136026e-06 rs34740907
9 20921025 6.92419168165273e-11 rs10757157
9 20921332 6.12544259706244e-11 rs12353255
9 20921564 0.0451785684231667 rs7468675
9 20922606 1.28652521066991e-10 rs7469447
9 20923137 1.42138249434799e-10 rs7871162
9 20923518 0.66634800096944 rs7044425
9 20923579 0.671448983357615 rs7044452
9 20923618 1.42421322152028e-10 rs7044447
9 20924474 1.95541554108298e-10 rs4246849
9 20924850 1.95091148453283e-10 rs4977595
9 20925389 0.613991566225793 rs35877181
9 20925921 0.0458120657431708 rs10964759
9 20926739 0.509334260458309 rs35399214
9 20926791 3.54984274615545e-11 rs7026915
9 20927340 5.15856955504905e-11 rs2891155
9 20928037 0.184086293227007 rs4246850
9 20928187 1.24556199809459e-05 rs10811429
9 20928323 2.93176797973452e-10 rs9406776
9 20929779 0.440890455942073 rs7867416
9 20929977 8.06998001518945e-10 rs9407968
9 20930457 0.51378171452665 rs34872272
9 20931305 3.63085591468972e-11 rs4977822
9 20931349 1.93125194986616e-10 rs4977823
9 20931389 0.663074196687795 rs6475488
9 20932567 0.792061153874612 rs17753679
9 20932868 0.784735445370632 rs2383171
9 20934360 8.37046605131855e-10 rs7865715
9 20934725 2.33381001670711e-10 rs7466722
9 20938805 0.6693483715076 rs7389249
9 20939066 1.52544002326304e-10 rs4977604
9 20939922 0.509876914159638 rs35731218
9 20939972 0.509876914159638 rs62560530
9 20940130 0.614741275379799 rs7041086
9 20940932 2.08140994383154e-10 rs7042192
9 20941309 5.91213462610106e-11 rs7045808
9 20941775 0.826943987594374 rs13295748
9 20942010 0.645564000217687 rs62558282
9 20942338 0.713440602574931 rs17691940
9 20943176 0.682222826028049 rs35218325
9 20943218 0.6822230270939 rs35379293
9 20943257 0.68214266985417 rs34540000
9 20944082 0.682209138100588 rs59820432
9 20944558 0.784735445370632 rs12552707
9 20945207 5.92022829900013e-11 rs6475490
9 20945372 1.38447596690639e-10 rs6475491
9 20946952 3.78106660528665e-10 rs7851042
9 20947841 1.46768802549781e-09 rs4977843
9 20947861 0.664503552100628 rs6475492
9 20948311 0.000138689004153524 rs35470485
9 20948795 0.427007824939414 rs62558285
9 20949159 0.71428890201118 rs9406777
9 20949942 1.14761085572578e-10 rs3739936
9 20951594 0.701044279575473 rs4606148
9 20951634 1.24952146104827e-10 rs6475493
9 20951647 0.966905885764227 rs17691964
9 20953049 1.73222973205361e-09 rs3206852
9 20953233 0.458776937206111 rs10511693
9 20953335 0.700942821904586 rs4579612
9 20953750 3.53281147202428e-10 rs4977848
9 20954460 0.703529171182657 rs6475494
9 20957154 1.29884723168745e-09 rs13296469
9 20957773 0.43701513368569 rs77340857
9 20957779 0.437250739096747 rs76037885
9 20958400 4.18745236919854e-09 rs10757159
9 20959899 6.29934200882858e-10 rs11790053
9 20960170 0.711774443835315 rs10757160
9 20960173 6.77158112318045e-10 rs10811436
9 20960407 6.81416348921462e-10 rs7020719
9 20961238 0.89248541439324 rs10811437
9 20961250 1.03434660780799e-10 rs12238115
9 20961813 7.08824344219186e-10 rs10964766
9 20961906 3.16576957764226e-11 rs7025851
9 20962282 5.24260033330029e-10 rs10811438
9 20963339 1.81860572867568e-06 rs13300741
9 20963374 1.18804630068649e-10 rs10964769
9 20963575 4.08267250393873e-11 rs10964770
9 20964673 0.931480295598836 rs10811439
9 20965556 8.39050128597856e-10 rs7869765
9 20965642 8.39328725643409e-10 rs7869781
9 20966250 8.16353912427624e-10 rs7873691
9 20966588 8.76150108786219e-10 rs10811440
9 20967522 2.43385912657552e-09 rs7020649
9 20967823 1.04021713266806e-09 rs7021253
9 20968035 0.854396245524197 rs35980615
9 20969148 3.33646782650853e-10 rs4977860
9 20970015 0.745162425330853 rs6415734
9 20970559 3.33648207597833e-10 rs7854932
9 20970638 0.888656804614334 rs35302379
9 20972134 7.54565399332808e-07 rs13300024
9 20972566 2.92639440280069e-10 rs10964772
9 20972673 0.872936045294954 rs7847662
9 20972885 0.872893090865518 rs7848048
9 20972954 0.872970803277599 rs7848370
9 20975006 1.16897532700898e-11 rs4977862
9 20975121 0.973815879774072 rs4977863
9 20976059 1.16897532700898e-11 rs10125958
9 20976298 9.87870280403076e-12 rs10119918
9 20977541 0.896808147673081 rs7041057
9 20977812 1.16818303536997e-11 rs10811444
9 20978306 3.28131744866098e-10 rs10811445
9 20978873 1.16688957966142e-11 rs10964779
9 20980018 0.885156919212881 rs34846796
9 20982328 2.4603351802475e-10 rs10964782
9 20983293 0.779589070177987 rs13292487
9 20983816 3.61093330912021e-11 rs35189781
9 20984424 5.81647418522186e-10 rs10811447
9 20984803 3.63362505414757e-11 rs4313235
9 20985826 3.63521611354173e-11 rs10117142
9 20986975 0.83799980657807 rs34215208
9 20987703 0.787306067720672 rs7030990
9 20987877 3.64176235796419e-11 rs4977878
9 20987879 6.07190312850078e-10 rs10811448
9 20988426 0.950706686170339 rs4977881
9 20988666 6.06710320155456e-10 rs10757168
9 20990099 0.648598755092049 rs13301875
9 20991794 3.47574669872939e-11 rs10964785
9 20992693 0.972991927871294 rs4336687
9 20993461 2.54735578306622e-10 rs4497056
9 20994176 2.57186290537407e-10 rs10738571
9 20995129 0.96272369759866 rs4596729
9 20996579 0.844036478224115 rs4468019
9 20996709 0.85195118215916 rs4468020
9 20997090 0.0026114434922615 rs4480192
9 20997340 0.0157313126923578 rs10757169
9 20998140 3.24093215136117e-10 rs4621896
9 20998217 5.27359715785153e-08 rs35794765
9 20998263 0.928687372807823 rs10757170
9 20998354 0.924950345013757 rs10757171
9 20999065 0.928102266734945 rs4489400
9 20999198 2.81579242265741e-10 rs4466486
9 20999646 0.000299789102566545 rs4278230
9 20999770 1.510809248081e-11 rs4272463
9 21000495 0.779850962671392 rs35012269
9 21000737 0.961163786130315 rs4424354
9 21002225 0.676754477324948 rs12004236
9 21002457 0.742944248020325 rs7847370
9 21002634 0.677097556821995 rs7847535
9 21003372 0.00114729575849653 rs3884620
9 21003783 0.813800554352358 rs34590084
9 21004244 0.00448347455815634 rs55992749
9 21004768 0.666918470799668 rs62558318
9 21005305 0.686491577059163 rs4129713
9 21005397 0.686086072772064 rs4129715
9 21005422 0.00436673785083674 rs59467007
9 21005475 0.4393030505142 rs62558319
9 21005744 0.748203323886894 rs4129714
9 21006021 0.74789988927635 rs7863405
9 21006600 0.747790595665204 rs35893324
9 21006934 0.827111813210553 rs1134090
9 21007935 0.230490165355653 rs7041474
9 21008377 0.188176041683505 rs2275882
9 21008416 7.76009393447376e-07 rs3819021
9 21008725 0.187811295011745 rs1857649
9 21009191 3.11201546254491e-11 rs10811449
9 21010623 0.00272982669130337 rs67094609
9 21011287 0.2936608965724 rs2275883
9 21011833 0.128451509940202 rs10964791
9 21012170 0.187824036713823 rs1113401
9 21012447 1.8730705321413e-06 rs1113400
9 21012745 0.187890331364912 rs10511696
9 21012787 0.00256299819610218 rs59658499
9 21012935 1.64366545081317e-07 rs10964793
9 21013478 0.00256245975147966 rs67375304
9 21014003 0.00198527862747448 rs10964794
9 21014176 0.00237300171517218 rs75174772
9 21014482 0.284034333418608 rs1857648
9 21014628 8.33017852301563e-11 rs12551341
9 21015651 9.47572336052927e-12 rs7873640
9 21016929 3.7158665028339e-09 rs1857647
9 21017240 8.29974201356099e-11 rs12553564
9 21017637 0.00249928533658881 rs2275884
9 21017644 0.288967127708744 rs2275885
9 21017743 2.63891035943281e-07 rs2275886
9 21017828 0.00202441879321608 rs2275887
9 21017884 8.30492182350902e-11 rs2275888
9 21018471 9.28020915028949e-12 rs1112167
9 21018574 0.123841145874296 rs1112165
9 21019123 2.62365817270532e-07 rs7047058
9 21019378 9.26626620392899e-12 rs10738574
9 21019650 3.68831420810503e-09 rs7860837
9 21019817 3.48549836226644e-09 rs7874876
9 21019895 0.303147942836923 rs117350468
9 21020095 3.6375374252689e-09 rs7871629
9 21020114 8.28529676382083e-11 rs7871739
9 21020168 0.123833691805974 rs28636434
9 21020502 3.65770123130236e-09 rs7028971
9 21020711 3.68219075048733e-09 rs7029451
9 21021246 8.35293961582933e-11 rs6475498
9 21021574 9.62685084998585e-12 rs7018871
9 21022227 9.26986030158979e-12 rs10811451
9 21022500 8.28902773302414e-11 rs12115505
9 21022596 0.0489672127365804 rs56324488
9 21023304 0.133546424450713 rs28560388
9 21023446 8.35203321199873e-11 rs7868923
9 21023938 3.68219075048733e-09 rs10738575
9 21024670 8.3543658978714e-11 rs35641645
9 21024723 0.00205408513926206 rs4563974
9 21024851 3.15877928521177e-09 rs1539747
9 21026200 5.98124618181297e-05 rs35414383
9 21026316 1.65361107731181e-09 rs10757173
9 21026540 1.65307634717154e-09 rs2275889
9 21026800 1.64971680051746e-09 rs2275890
9 21027002 1.65112258567542e-09 rs7027822
9 21027264 1.64991357680778e-09 rs10811453
9 21027320 1.65321194419846e-09 rs10757174
9 21027741 1.65334191617796e-09 rs10811454
9 21027815 8.01127783297931e-12 rs4355879
9 21028535 8.01127783297931e-12 rs10964799
9 21028636 8.48193625028869e-11 rs10964800
9 21029330 1.09588160102134e-10 rs2298260
9 21029802 2.68145397025096e-11 rs12378299
9 21029876 2.73519961571476e-11 rs12378278
9 21030165 8.42559728863983e-09 rs7875765
9 21030690 9.10140023193314e-11 rs10964801
9 21030851 4.84951824321379e-10 rs11789272
9 21030907 1.34699487020469e-10 rs10964802
9 21031115 0.144228151755707 rs10117148
9 21031942 0.000495890948778492 rs62558349
9 21031984 0.00419042755778505 rs7039818
9 21032203 0.367523288008881 rs10738576
9 21032224 0.000216023302930369 rs10964806
9 21032423 0.00233123102178213 rs10964807
9 21033208 0.000353609595349703 rs10757175
9 21033271 0.000280069970952936 rs10738577
9 21033557 0.00503902030742147 rs10964808
9 21034281 0.000847232946937684 rs7849376
9 21035307 0.0122119966503665 rs7867456
9 21036793 0.00111447703770435 rs10757176
9 21037771 0.00153355866788395 rs10738578
9 21037995 0.00225485291294968 rs10811455
9 21038094 0.0118357695104677 rs10811456
9 21040145 0.00130492351235869 rs10757177
9 21040183 0.401763708075083 rs7038636
9 21042299 0.0115074528711433 rs12006112
9 21043856 0.00912211379795314 rs4977926
9 21044021 0.402125399829693 rs7041422
9 21045062 0.564768572146351 rs10511695
9 21046433 0.565544338384708 rs28665622
9 21046482 0.00349457317291862 rs10811457
9 21046674 0.145245783541535 rs10757178
9 21046790 0.590389866970426 rs17692145
9 21047561 1.23125883882105e-05 rs77778288
9 21047733 0.457976505747543 rs2891156
9 21048411 0.213762652328134 rs4466480
9 21048541 0.546856294595726 rs10121285
9 21051966 0.243754213238836 rs7033704
9 21052663 0.0152470434059677 rs10811458
9 21052797 0.0209633478055625 rs10811459
9 21052926 0.428708468653697 rs10120242
9 21053044 0.429519305932595 rs10114868
9 21053358 0.0209589206405472 rs10114924
9 21053630 0.00058231563050569 rs75128307
9 21053651 0.0209787107353468 rs13291343
9 21053921 0.645012200655711 rs17753930
9 21054112 0.0210104108207372 rs7045587
9 21054134 0.0158236277668915 rs7031226
9 21054507 0.00222496311437157 rs7046061
9 21054540 0.243349690083436 rs7046170
9 21054729 0.635262768930841 rs72705937
9 21055413 0.0158155400866802 rs7036060
9 21055880 0.295282918422855 rs1892129
9 21056085 0.00488215355019243 rs10964817
9 21056582 0.00125373046310362 rs76393148
9 21057062 0.000488108954031526 rs1419373
9 21058470 0.0391816198789358 rs1539740
9 21058908 0.0362811076972421 rs1539741
9 21059303 0.701595853996166 rs1539742
9 21059531 0.0504588677340463 rs1539743
9 21060626 0.282441376884173 rs10964818
9 21060974 0.678509653091146 rs1857651
9 21061642 0.0475437454767752 rs2383176
9 21062144 0.678509653091146 rs10811460
9 21062250 0.234802645948499 rs10964820
9 21063183 0.0513364149785384 rs10811461
9 21063722 0.0516967491246588 rs10811462
9 21064395 0.232020700758082 rs4636293
9 21064443 0.00117216641591236 rs1573258
9 21064876 0.00117119912551837 rs1857652
9 21065299 0.047270427371521 rs1539744
9 21065312 0.00115945806705162 rs1573259
9 21066113 0.562387597398561 rs7871291
9 21067276 0.234660241139684 rs72614268
9 21067641 0.00115727659625454 rs10964822
9 21068012 0.909987177579365 rs10964823
9 21068099 0.70297654586341 rs12156607
9 21068841 0.00116064164249357 rs2383177
9 21069920 0.00100352358326719 rs4977657
9 21070881 0.662961318322281 rs1539746
9 21071856 0.23491252172148 rs12683129
9 21072171 0.104555361553992 rs78376014
9 21072345 0.234750228224326 rs12237537
9 21072474 0.701830824158616 rs10122238
9 21072911 0.232084069895592 rs72614269
9 21073031 0.23210331139986 rs12685737
9 21073054 0.548527717685566 rs79676848
9 21073335 0.23210331139986 rs10435777
9 21073692 0.23210331139986 rs7849485
9 21073785 0.23210331139986 rs7849713
9 21073945 0.231175339805311 rs1424860
9 21075044 0.000392323516457538 rs4977940
9 21075444 0.231997274997895 rs7873167
9 21075675 0.231997274997895 rs3885423
9 21076182 0.803113606263895 rs967102
9 21076679 0.223602894574671 rs1364613
9 21076686 0.223585770498474 rs1364612
9 21077716 0.78383253376022 rs1051922
9 21078375 0.0306765697823593 rs10964831
9 21078815 0.0366921869944166 rs1424855
9 21078952 0.00025751019215007 rs9333358
9 21079148 0.00222475239611647 rs12156577
9 21079977 0.598185647304287 rs28368123
9 21080518 0.000257890524571223 rs10811465
9 21081432 0.600512538320222 rs7033217
9 21081441 0.810736326056628 rs2161948
9 21081822 0.0373706486637144 rs2161947
9 21081850 0.000358837759139908 rs4977941
9 21082814 0.032915321590504 rs10811466
9 21082845 0.810558486307167 rs10120189
9 21083838 0.0128786996666625 rs34677240
9 21084663 0.032923436186148 rs10811467
9 21084724 0.000293751501112128 rs2161946
9 21085205 0.000360070649977163 rs4977945
9 21085379 0.000356052992606953 rs10811468
9 21085818 0.032910772236282 rs12344519
9 21086340 0.222886415585277 rs10811469
9 21086428 0.0989365574840734 rs75822633
9 21086990 0.476239303478162 rs79786366
9 21087022 0.497193191840171 rs62561373
9 21088345 0.137161505381432 rs12238590
9 21088416 8.14403795838375e-05 rs10811470
9 21089184 0.0399070006109197 rs10481513
9 21089234 0.137161505381432 rs72614270
9 21089758 0.481205471962084 rs62561374
9 21090112 0.579497303090054 rs12004100
9 21090157 0.837386523800828 rs10811471
9 21090322 0.0382220559954603 rs10738580
9 21090772 0.0342264425174601 rs12339214
9 21091130 0.797282424609737 rs2383179
9 21091240 8.1905955367449e-05 rs10757179
9 21092410 0.0295326087438516 rs10757180
9 21092653 0.227967077946123 rs72687820
9 21093083 0.0777791852310015 rs10757181
9 21093112 0.17592112957308 rs12347645
9 21093404 0.101858586781483 rs10738581
9 21094151 0.323787240287853 rs4977948
9 21094726 0.00664880892141936 rs75534804
9 21094778 0.151534685474292 rs12684687
9 21094833 0.340108707614021 rs17692260
9 21095424 0.470015911040718 rs10811472
9 21095450 0.154089462246365 rs10811473
9 21095633 0.00789072768399803 rs10964832
9 21096166 0.152062718578381 rs11792457
9 21096757 0.307661268976732 rs72687827
9 21097135 0.153391803399716 rs10757182
9 21097301 0.00387126974038995 rs10964833
9 21097471 0.479798528213455 rs7861745
9 21097510 0.307696796057994 rs17754055
9 21097764 0.307553385978938 rs72687828
9 21098843 0.0151968573664641 rs12349659
9 21099188 0.148476095764259 rs62561375
9 21099471 0.695102367780989 rs10757183
9 21099991 0.0591158061655768 rs10964835
