chr bp p rsid mip1b.beta mip1b.se
3 46208310 0.183124382795057 rs2087726 -0.0318175472781914 0.0767990058930405
3 46208783 0.673175939207051 rs35942803 0.209581233437152 0.14947345816331
3 46208858 0.670173460465243 rs13059906 0.211875142417162 0.14949905838302
3 46210512 0.672578117556119 rs35566550 0.209426042360483 0.149352527050527
3 46211060 0.672227605146788 rs79948053 0.209630368049016 0.14936968201266
3 46213594 0.682386273779851 rs35919278 0.208727445182803 0.149385659862409
3 46214670 0.195744834913196 rs2172247 -0.0301123758548229 0.0767260522897063
3 46214685 0.11889898975417 rs2172246 0.0465455309872693 0.0812656777647494
3 46215107 0.68227148237423 rs34198655 0.208676232680803 0.149404026506358
3 46215710 0.672372071881761 rs13089907 0.209294346756955 0.149366388440913
3 46219673 0.583777477673632 rs7611519 0.0306986496180344 0.119666579459859
3 46219833 0.672587844875602 rs34523728 0.209239052616554 0.149353310310012
3 46220500 0.672606286096666 rs34570200 0.209340058465008 0.149354340941378
3 46220506 0.672606286096666 rs35560301 0.209340058465008 0.149354340941378
3 46220682 0.672032923481614 rs34013035 0.209389316920118 0.149342401740973
3 46221531 0.671905956846841 rs34134191 0.209133927580549 0.149330746820329
3 46224850 0.6717951609028 rs13069750 0.209214673821694 0.149332802347551
3 46225216 0.6717951609028 rs34340501 0.209214673821694 0.149332802347551
3 46225995 0.67179428242451 rs71327038 0.20919515429646 0.149331914784755
3 46226165 0.778720504729759 rs34059564 0.248890319621148 0.147754008708968
3 46226646 0.78012195715096 rs13061548 0.245399359304437 0.146518633855646
3 46226725 0.67179428242451 rs36010446 0.20919515429646 0.149331914784755
3 46226769 0.778533884890028 rs34920132 0.248989073591195 0.147754955647032
3 46227171 0.778964988828728 rs13062450 0.249000788338213 0.147741422415925
3 46228006 2.30425017462532e-05 rs1491956 0.0148780502716058 0.12577715164105
3 46232132 0.671905956846841 rs13069845 0.209133927580549 0.149330746820329
3 46232765 0.671905956846841 rs17282797 0.209133927580549 0.149330746820329
3 46233690 0.672655636001101 rs13080979 0.209124777739636 0.149321686525336
3 46234467 0.672655636001101 rs13097666 0.209124777739636 0.149321686525336
3 46235201 0.672655636001101 rs13098911 0.209124777739636 0.149321686525336
3 46239473 1.60050133697987e-05 rs7617872 0.015527235770628 0.121615096651778
3 46239649 0.67279189367696 rs34378541 0.209092258047052 0.149322297320236
3 46240172 0.672652593269375 rs17282922 0.209103764588765 0.149322249649328
3 46240557 0.231967167825713 rs112816969 -0.149857431663507 0.118785068099531
3 46240826 0.778462492879379 rs34611049 0.249191835816786 0.147729513020623
3 46241529 0.671829598869453 rs35111399 0.209389407747202 0.149316651005268
3 46242477 0.778839433284174 rs13082995 0.248889560293794 0.147721987111346
3 46242616 0.78012195715096 rs3136673 0.245399359304437 0.146518633855646
3 46242785 0.801202084833703 rs3136672 0.207695992509138 0.14661902691625
3 46243175 0.561521907773706 rs3136671 0.0295947384480889 0.12025997517592
3 46243718 7.58256025898903e-10 rs3176953 0.532766337092846 0.107046654548232
3 46244273 0.672322828463125 rs3774630 0.20937548548584 0.149337985304791
3 46246816 0.670042056256127 rs13095940 0.212027821649749 0.149445565706839
3 46246953 0.670042056256127 rs13096307 0.212027821649749 0.149445565706839
3 46247096 0.672038238250692 rs13096371 0.209377420154664 0.149316094677151
3 46247456 0.670013030896652 rs34865316 0.21213944128817 0.149451498858769
3 46247584 0.672056369706082 rs3176826 0.209428714874754 0.149319161739875
3 46248224 0.672991814826924 rs3176825 0.208868744171703 0.149311388813618
3 46248385 0.67295696201601 rs3176824 0.20886652617357 0.149311865962468
3 46249722 0.672987303449852 rs34423195 0.208855079849656 0.149310985130116
3 46249929 0.672973913897973 rs3181080 0.208817479474222 0.149308321302748
3 46250008 0.672973913897973 rs34919616 0.208817479474222 0.149308321302748
3 46250348 0.0178141783845565 rs1491961 0.0658221347858878 0.082749387884852
3 46250374 0.802520666228582 rs41432345 0.206346669075694 0.146576303223564
3 46250584 0.672973913897973 rs3181078 0.208817479474222 0.149308321302748
3 46250652 0.0178875614574119 rs3181077 0.0656552145468668 0.0827090533344542
3 46250733 0.672973913897973 rs3181076 0.208817479474222 0.149308321302748
3 46250799 0.672973913897973 rs35354367 0.208817479474222 0.149308321302748
3 46252505 0.672973913897973 rs34280313 0.208817479474222 0.149308321302748
3 46253214 0.672973913897973 rs13070099 0.208817479474222 0.149308321302748
3 46253566 0.325273376585413 rs17283264 -0.412672234318091 0.130059008175445
3 46253599 0.672973913897973 rs34047458 0.208817479474222 0.149308321302748
3 46253607 0.673321542057242 rs35429781 0.208805872047896 0.149310767127402
3 46253650 7.10894714605588e-13 rs79893749 0.599348492722294 0.104436514655792
3 46253789 0.802406011017636 rs13075270 0.206355825329255 0.146575785699757
3 46253812 0.678822644599458 rs13095946 0.206859874828031 0.149365906599321
3 46253979 0.802298108994827 rs34376347 0.206117614592433 0.146589843614059
3 46254791 0.673063054699084 rs13092160 0.208726998971006 0.149304864646389
3 46255262 0.802097687237296 rs57115330 0.206140963862324 0.1465869135578
3 46255476 0.672832260319461 rs35614049 0.208751888667528 0.149304396721291
3 46255796 0.802537810028061 rs34498313 0.206182530797153 0.146582938623086
3 46257296 0.673005789652427 rs71327039 0.208753334061852 0.149308211372522
3 46257696 0.67301372097518 rs34531115 0.208743496244639 0.149304895475313
3 46258226 0.802670751990969 rs13088766 0.206174318573076 0.146583434294298
3 46258740 0.673160482439454 rs35617677 0.208360327483727 0.149434213658266
3 46258902 0.0433349608688576 rs2201150 -0.00377801533599494 0.0764828660638718
3 46259296 0.673160482439454 rs35587265 0.208360327483727 0.149434213658266
3 46259915 0.801811802038021 rs11929489 0.205423456704278 0.146653986556023
3 46259958 0.67319897115044 rs35335084 0.208327230682526 0.149433870329545
3 46260008 0.802104280065298 rs34985947 0.205362638745157 0.146658767688609
3 46260039 0.67319897115044 rs34625088 0.208327230682526 0.149433870329545
3 46260195 0.802195196299369 rs35195804 0.205380899002583 0.146655392780299
3 46260225 4.05666209685293e-13 rs112160248 0.602455121441255 0.104049239938604
3 46260444 0.802460036227257 rs34759782 0.205394639160037 0.14665663046691
3 46260498 0.802195196299369 rs13062523 0.205380899002583 0.146655392780299
3 46260860 0.801897249727778 rs41537946 0.205272049821324 0.146657754970878
3 46261256 0.802195196299369 rs35984988 0.205380899002583 0.146655392780299
3 46262111 0.674106848874021 rs35775079 0.208331295100692 0.149439963531485
3 46262335 0.538809545357683 rs73074163 -0.330100523870383 0.129509466012519
3 46263208 0.641875090190752 rs71327040 0.20619638094171 0.152400979797873
3 46263244 0.64118208991878 rs34289272 0.20636923736985 0.152405643187827
3 46263717 0.746635724760008 rs11926063 0.199704774197867 0.14835182453539
3 46263745 0.641601000674805 rs34005848 0.206158133664488 0.152398024005624
3 46264059 0.200002149157003 rs34673873 -0.323632276480943 0.115640612456662
3 46264618 0.00510551218324709 rs2007374 -0.230545354335468 0.0722064805239986
3 46265190 0.641798011774969 rs34414382 0.206291567203682 0.152398793702855
3 46265243 0.641168198938277 rs35613615 0.206485811931995 0.152399778627818
3 46265312 0.746393862285401 rs35431271 0.203318144734221 0.149428930407347
3 46265535 0.746367282109198 rs36000011 0.203255713249606 0.149430141924686
3 46265580 0.746649816598069 rs35481399 0.203157531077214 0.149428723840341
3 46265854 0.641172633693709 rs34194160 0.206496022325212 0.15240333055617
3 46266211 0.641172633693709 rs2131092 0.206496022325212 0.15240333055617
3 46266379 0.746649816598069 rs2373156 0.203157531077214 0.149428723840341
3 46266726 0.746367282109198 rs11919943 0.203255713249606 0.149430141924686
3 46267333 0.641172633693709 rs34745455 0.206496022325212 0.15240333055617
3 46267582 0.61588577950127 rs71327041 0.206287228665851 0.152265002462255
3 46267737 0.746649816598069 rs7620586 0.203157531077214 0.149428723840341
3 46268013 0.640062620774954 rs71327042 0.206911651452012 0.153101900384748
3 46268079 0.746649816598069 rs7651539 0.203157531077214 0.149428723840341
3 46268342 0.746496247388054 rs71327043 0.203175820001343 0.149429583197065
3 46268577 0.641172633693709 rs71615441 0.206496022325212 0.15240333055617
3 46268664 0.641135853908105 rs114115904 0.206499440846485 0.152403784373336
3 46268772 0.746367282109198 rs6775046 0.203255713249606 0.149430141924686
3 46269136 0.688721929551787 rs7624155 0.25018425223998 0.149550945980977
3 46270748 0.59272102043885 rs34677490 0.257740465801779 0.152667090171142
3 46271399 0.686007311589266 rs35678191 0.253019776001605 0.149672304950527
3 46271454 0.686005456663239 rs71327044 0.253007960598466 0.149671888106203
3 46272162 0.553309504285065 rs1542756 0.271860571823978 0.153092596288504
3 46272440 0.570330980151132 rs1542755 0.265598695511708 0.152944858856343
3 46272456 0.797737544577768 rs1542754 -0.119906389544126 0.0825282466742286
3 46272511 0.569696479124742 rs13060802 0.266309531719443 0.153027138899412
3 46272709 0.568535280073614 rs13060713 0.268818485693276 0.152892417926002
3 46272723 0.104469690698939 rs35636998 -0.308233681938679 0.0916760908846249
3 46273184 0.0887437435675649 rs62243914 -0.255092853356534 0.127844936443982
3 46273598 0.560451570820671 rs33998492 0.274331453011046 0.153124343722961
3 46273727 0.560833152168184 rs34692251 0.275162888014717 0.152986487334986
3 46273766 0.560545785827926 rs13067058 0.2752038581707 0.152986690097984
3 46274109 0.129684351356514 rs1979672 -0.284409278123436 0.0800511994971417
3 46274215 0.0119224471361258 rs1979671 0.102653784250893 0.0780061443740577
3 46274259 0.652990033928045 rs67676925 0.212677531895724 0.145106822868593
3 46274765 0.0526421708056176 rs4683189 0.03724350712224 0.0766317591355849
3 46274766 0.533460311136204 rs13096905 0.259744115766746 0.153196631575218
3 46274886 0.53316242212801 rs10510750 0.259847175567035 0.153181987243555
3 46274906 0.53346037575696 rs13096808 0.259663843680902 0.153189157487915
3 46274960 0.0188225905094564 rs1491957 0.0371668110257632 0.0766323726011105
3 46275570 3.39533914466195e-14 rs58697594 0.607413219360317 0.102340922494163
3 46276075 0.1458606531766 rs61222471 -0.198668034946504 0.132473498064926
3 46276078 0.534828102385702 rs35035328 0.262853296079888 0.153416200546777
3 46276490 4.0265120960737e-14 rs73833032 0.589294969788006 0.103294031839668
3 46276878 0.000366416964060105 rs1388604 0.0245563106108903 0.0770057176952137
3 46277002 4.03948502730676e-14 rs73833033 0.589180184578441 0.103285430515608
3 46277577 4.74670771518281e-18 rs79815064 0.689748067239925 0.113050299661212
3 46278647 0.000419040826262577 rs6793850 0.107571143576852 0.0751596877726518
3 46278670 0.636430193256391 rs6802288 -0.206830680642323 0.0803152995800635
3 46278919 0.51312075726574 rs34406035 0.30360939761375 0.154291266915113
3 46279933 4.06170065582114e-14 rs74433128 0.589083627824154 0.103278925128327
3 46280194 0.000275646355411342 rs13084656 0.113756397408137 0.0754053753348044
3 46280223 0.122086842083278 rs41502550 -0.316483636406158 0.0819696594005019
3 46280246 0.122081024222589 rs41418050 -0.316494761778223 0.0819710432188688
3 46280618 0.436273552771256 rs36048333 0.328033562451363 0.150549288682331
3 46281461 3.28452917697984e-14 rs76733709 0.588897737326605 0.103131642179433
3 46281578 0.10474228036677 rs71327045 -0.330070154852311 0.0817312334529429
3 46281744 0.59027223162923 rs13096142 -0.216516331354669 0.0806153752533584
3 46282174 0.000382112273157546 rs9842716 0.112448167016755 0.0750381506189145
3 46282278 0.239039422610748 rs57871924 -0.217069163462852 0.13076599466665
3 46282391 0.225292448285291 rs12636651 -0.0402391214234842 0.0854895047782773
3 46284093 0.000415626603998655 rs9853223 0.110464681327377 0.0750538685105135
3 46284558 0.590951238425224 rs13081845 -0.218592827873175 0.0805468052158815
3 46286046 3.27948741638457e-14 rs113676185 0.588849694421799 0.103131897323354
3 46286663 0.430823434661045 rs13073976 0.326603364847984 0.148874370213074
3 46287651 3.25859979509283e-14 rs60020651 0.588906519622682 0.103124540424203
3 46288797 0.114678017162278 rs36118141 -0.31793320607512 0.0817636601468939
3 46290335 0.0276499636397963 rs35092096 0.0954873564528494 0.0800278434326601
3 46292161 0.459372973736986 rs116431192 0.0593190281716009 0.0774852469838477
3 46292338 0.100630058548889 rs4683190 -0.187673343954892 0.0718106436258284
3 46292339 0.52761804937264 rs34272024 0.320597175911681 0.147687251305756
3 46293299 0.470040535750024 rs1907636 0.0565052356032495 0.0769130470803469
3 46293753 0.470331113745847 rs9877781 0.0564758234982452 0.0769293315845816
3 46293784 0.470139238944514 rs9839630 0.0564927123471763 0.0769292671484673
3 46293868 0.120308256382631 rs13094085 -0.315591151872119 0.0815770391012195
3 46294120 0.469985874444615 rs41334652 0.0565123333993741 0.0769127555991496
3 46294468 0.169410259248581 rs9854155 -0.0355127475946093 0.0848887287027175
3 46294851 0.169380140529378 rs9854776 -0.0355358905394637 0.0848901427617087
3 46294957 0.469751165533502 rs9854964 0.0564789839479257 0.0769134882348044
3 46295777 0.102280850186121 rs6441948 -0.186331754458036 0.0713622045213955
3 46296619 0.169303398797789 rs1844923 -0.035514115113231 0.08488778074234
3 46297124 0.469702547263371 rs1826341 0.0564908933174855 0.0769130523325949
3 46297260 0.469783461779367 rs12715416 0.0565768527564013 0.0769278276130041
3 46297271 0.469783461779367 rs12715417 0.0565768527564013 0.0769278276130041
3 46297528 0.438951441982035 rs13085359 0.326815527056201 0.150560187562988
3 46297711 0.437928295977597 rs9832730 0.327027893193373 0.150543840312574
3 46298116 0.469637871811974 rs1907635 0.0565068861240352 0.0769118428994307
3 46298373 0.441657675426737 rs13325613 0.282820157773831 0.150673429078577
3 46298377 0.437078102521742 rs13325552 0.329532773765784 0.151928034224177
3 46298561 0.402974943806242 rs13326331 0.0815638777973356 0.103738707453277
3 46298901 0.438540094297844 rs9838191 0.326889261096168 0.150515502814354
3 46299765 0.493886083903137 rs7652290 0.0561606361564589 0.0757508144615443
3 46300548 0.470880650725309 rs9811301 0.0564410817855758 0.0769088232816012
3 46300554 0.470880650725309 rs9811303 0.0564410817855758 0.0769088232816012
3 46300863 2.57269084552379e-14 rs75994669 0.590232626941456 0.103011653514849
3 46300870 0.438477535129647 rs34079287 0.326852237664596 0.150514279165001
3 46301423 0.530136640594811 rs11919884 0.319364907382525 0.147631516575314
3 46301786 0.529992418999756 rs11923627 0.319385981296822 0.147628202041656
3 46302051 0.170161451566719 rs34442386 -0.0354446213319684 0.0848886019540339
3 46302938 2.28477335226693e-14 rs79539493 0.590320563985084 0.103023880917132
3 46303184 0.014220618252217 rs3091309 0.176577829656008 0.092966229227969
3 46303697 0.438395968746159 rs3091310 0.326691649866571 0.150507062045057
3 46304064 0.438395968746159 rs17283712 0.326691649866571 0.150507062045057
3 46304606 0.118737660418833 rs1491962 -0.180004082958767 0.0699161034450123
3 46304677 0.125379223012391 rs41276529 -0.314060364040133 0.0815181461338556
3 46305441 0.438614684449562 rs17217831 0.326661211881053 0.150505232231423
3 46306130 0.170993449051768 rs3091250 -0.0358447128638667 0.0848905429892669
3 46306474 0.446079012332455 rs7631853 0.283124333346681 0.150554378995779
3 46306476 0.468597301051673 rs3091311 0.0555853646776716 0.0770534992091915
3 46306700 0.432545782106399 rs4987053 0.281671120195599 0.147710142356833
3 46308472 0.170993449051768 rs3091312 -0.0358447128638667 0.0848905429892669
3 46310518 0.218574339356391 rs12489891 -0.0235944467559485 0.085745909562164
3 46310840 0.447348769226089 rs71327047 0.327136992525047 0.151674816351488
3 46310921 0.921442440602277 rs4413345 0.139975911961432 0.0850510227702525
3 46310976 0.196208261415252 rs77410118 0.115721302878898 0.162672692387758
3 46311066 0.0984947361156613 rs1388603 -0.17524040397549 0.0711543993312426
3 46311782 0.437950799746493 rs36078103 0.326763414436354 0.150501931366223
3 46312329 0.0544737344648927 rs35656320 -0.332103067971935 0.10667824006241
3 46312351 0.442231408725042 rs73061794 -0.486726082231544 0.14655583570456
3 46312539 0.0988207639375337 rs1027241 -0.180707643019737 0.0698700406058301
3 46312847 0.441135984980227 rs6793370 0.280971363107046 0.149283119780519
3 46312953 0.437682494475885 rs35373513 0.32680682565211 0.150502618286342
3 46313334 0.432545782106399 rs9810242 0.281671120195599 0.147710142356833
3 46313692 0.613346332220545 rs71615444 -0.204116052258164 0.080353701073227
3 46315657 0.441413765460253 rs6803341 0.281041529535274 0.14928513972056
3 46316005 0.442399652881729 rs7649905 0.280839867015248 0.149309024126398
3 46316152 0.149673933653054 rs4683194 0.292540715874828 0.0809397075774708
3 46316256 0.149673933653054 rs7650093 0.292540715874828 0.0809397075774708
3 46316615 0.10100889062743 rs74982493 0.18328101767772 0.0711608924228906
3 46316973 0.40644656995673 rs4374564 0.0801968534732518 0.103679642355091
3 46317551 0.439038848757475 rs9882616 0.326814660453477 0.150505277095321
3 46317898 0.443285327569297 rs13100243 0.281419908750444 0.149290581973968
3 46318051 0.100978769840186 rs6773018 0.181940030852489 0.0712743220343073
3 46318508 0.15181850352069 rs7371987 0.291867841811193 0.0809321563846891
3 46318976 0.15181850352069 rs6441950 0.291867841811193 0.0809321563846891
3 46319920 0.17869704184203 rs62243926 -0.0339102271205907 0.0849587035538878
3 46320120 0.437940924177145 rs35646896 0.326969181460559 0.15049605162884
3 46320462 0.000953752318824819 rs4383561 -0.186314134823174 0.0905089594328811
3 46320633 0.178641099827168 rs4383562 -0.033903152002155 0.0849554776002014
3 46322171 0.441901172266631 rs28677778 0.282043607103059 0.149309575916133
3 46322289 0.442388308015676 rs35203745 0.281987790052736 0.149304205214336
3 46322713 0.436838975745591 rs9872023 0.327530293084933 0.150508062125346
3 46322714 0.180670269713484 rs9872287 -0.0329141020435487 0.0849788896294337
3 46323679 1.53667341729019e-14 rs78372062 0.59233877002465 0.103104962901855
3 46323859 0.157164351200973 rs9839623 0.290888109048172 0.0796669712977504
3 46323939 0.0401146964772306 rs9822254 0.359463958090293 0.0949386238581248
3 46324071 0.153048086139931 rs9877860 0.291774366914562 0.0809309374837792
3 46325137 0.0401443940577327 rs6441951 0.359531395091028 0.0949436134836055
3 46326604 0.153356901096905 rs6810232 0.291805541147176 0.0809367236397207
3 46327512 0.436897371884567 rs13065351 0.327377575022451 0.150501779889223
3 46327588 0.102324514882784 rs11718385 0.181366531771234 0.0713346184989085
3 46328069 0.180499547198586 rs4314214 -0.0329024502196041 0.0849620929256601
3 46328355 0.0556893112825762 rs6441952 0.317694703543726 0.105327412265007
3 46328627 0.437000607531095 rs13071469 0.327406700264412 0.150502567358685
3 46328715 0.437000607531095 rs35218998 0.327406700264412 0.150502567358685
3 46329008 0.619310983068631 rs6441953 0.197187686072516 0.079801576436879
3 46329278 0.619289626988605 rs4683198 0.197210091950607 0.0798027465390154
3 46329368 0.436897371884567 rs13093063 0.327377575022451 0.150501779889223
3 46329377 0.154199769514913 rs4683199 0.303591529084104 0.0807802086568393
3 46329475 0.437000607531095 rs13077302 0.327406700264412 0.150502567358685
3 46329644 0.153109214104273 rs4682812 0.291714898922823 0.0809343681903298
3 46330205 0.437000607531095 rs13078564 0.327406700264412 0.150502567358685
3 46330422 0.104219293821231 rs7649353 0.178200016723783 0.0714709067795325
3 46330442 0.104219293821231 rs7649364 0.178200016723783 0.0714709067795325
3 46330862 0.191421889342312 rs7649764 -0.0288957064907173 0.0849222751936813
3 46330872 0.104232933861535 rs7649837 0.178199449199523 0.0714708932562117
3 46331260 3.64859521213267e-06 rs62244777 -0.0581660411233955 0.128947743174718
3 46331852 0.435931893355398 rs17284138 0.330222674435263 0.151044502592371
3 46332184 0.435828179025267 rs13068271 0.330193281059828 0.151043702839777
3 46332190 0.435828179025267 rs13068276 0.330193281059828 0.151043702839777
3 46332276 0.435828179025267 rs13068145 0.330193281059828 0.151043702839777
3 46332382 0.0360994386084769 rs7632755 -0.21185877201738 0.135315231465779
3 46332840 0.104258830268798 rs6441954 0.178082139884356 0.0714720027552974
3 46332999 0.435828179025267 rs17284187 0.330193281059828 0.151043702839777
3 46333235 0.191836969464403 rs4683200 -0.028779468039555 0.084917607788263
3 46333406 0.104222567927775 rs11708582 0.178037617582544 0.071469491975834
3 46333661 0.104222567927775 rs7626072 0.178037617582544 0.071469491975834
3 46334167 0.406132472735288 rs4683201 0.0804171842708984 0.103689565005969
3 46334360 0.00495052797919483 rs11922338 0.244372315152035 0.0697119244643912
3 46334629 0.00495052797919483 rs11130087 0.244372315152035 0.0697119244643912
3 46334670 0.00495052797919483 rs4683205 0.244372315152035 0.0697119244643912
3 46334846 0.435828179025267 rs35511592 0.330193281059828 0.151043702839777
3 46335669 0.104227262463755 rs4683206 0.178027516145216 0.0714691686254584
3 46335887 0.104227262463755 rs4683207 0.178027516145216 0.0714691686254584
3 46336185 0.00495052797919483 rs4267678 0.244372315152035 0.0697119244643912
3 46336335 0.00495052797919483 rs6441955 0.244372315152035 0.0697119244643912
3 46336401 0.00494833011150309 rs6441956 0.244371735903107 0.0697119607753719
3 46336781 0.186981999148245 rs7645716 -0.0290024450713632 0.0836080087135656
3 46336899 0.17306179968966 rs4683208 -0.0306341352660048 0.0848835261956458
3 46337356 0.437128449774039 rs4473594 0.329986960264703 0.151066248379483
3 46337606 0.00872341597550246 rs60939770 -0.116404506383605 0.0788586568587672
3 46337692 0.435828179025267 rs34073838 0.330193281059828 0.151043702839777
3 46337819 0.138802632234645 rs9840204 0.288881244633745 0.0809773022677166
3 46338435 0.00819283870011203 rs12631342 -0.107448962135275 0.0789222833189495
3 46338452 0.00483021064847213 rs7643888 0.244273353282831 0.0697845055718656
3 46338475 0.102933733362634 rs7641466 0.177948955372926 0.0715913239843349
3 46338831 0.436116340442286 rs35117954 0.330084950228594 0.151057354774674
3 46339185 2.59637230372343e-15 rs78729754 0.603860275603152 0.103427449305507
3 46339223 0.013466336543158 rs6441957 0.22290445330082 0.069190089703637
3 46339373 0.0325113850111702 rs6782423 0.191323788157912 0.0690948407839791
3 46339812 0.0268513759049144 rs9990343 0.183145892949848 0.0697349980957578
3 46340285 2.59601649083949e-15 rs80054040 0.603950631331065 0.103437462817921
3 46340630 2.58638489921642e-15 rs79629761 0.603953338353068 0.103436232712979
3 46341335 0.0979977248707184 rs6441958 0.288048416075868 0.0805370886172814
3 46342429 0.1372358816418 rs6441959 0.287927082574657 0.0803874733926041
3 46342502 0.0157467446456687 rs12495098 -0.219124264454738 0.128753968651321
3 46342635 0.0194935241555556 rs6803980 0.180491533842946 0.0693362953312737
3 46343534 0.740317850497063 rs9852052 0.159923118579394 0.0782584640840169
3 46343693 0.282476262393713 rs6783993 0.261200871173198 0.0793845412119557
3 46344999 0.437398164780487 rs76836071 0.332676202584266 0.15123184945978
3 46345151 2.18617245246646e-15 rs75352297 0.604810150776442 0.10351998253708
3 46345413 0.283043596090024 rs4683211 0.261300431318331 0.079405669763483
3 46345422 0.092764185742618 rs4683212 0.0232367859951387 0.0822973141485591
3 46345487 0.285125175511822 rs7635588 0.262045358885022 0.0794712987727001
3 46345611 0.741033976066635 rs11711054 0.159987024358642 0.0782591290488727
3 46345742 0.612489521461536 rs11923720 0.180937292277125 0.0790108958727345
3 46345787 0.744421711877546 rs7374654 0.160375509427371 0.0783552400658097
3 46345873 0.0922889509814997 rs4683213 0.022858025710767 0.0823750231687376
3 46346025 0.0156115511477636 rs10510751 -0.216935962764818 0.126722263696585
3 46346036 0.607882183361298 rs7374671 0.180392403108634 0.0789116989995573
3 46346271 0.740160708995761 rs7372094 0.159913769512151 0.0782537331920001
3 46346640 0.740433905268824 rs6794300 0.15988682139998 0.078259356180009
3 46346874 0.00057243113809355 rs11712150 -0.203550035056372 0.080491077274339
3 46349288 0.278571310746515 rs7612940 0.248145367703223 0.0793889672359471
3 46349352 0.741682561762806 rs9813756 0.158380447996103 0.0781136206832609
3 46349659 0.0921574846118602 rs9855761 0.023187333146521 0.0824100891586642
3 46349707 0.74281965731738 rs9875668 0.158875939707241 0.0782103004986721
3 46349711 0.74281965731738 rs9818053 0.158875939707241 0.0782103004986721
3 46349905 0.741731757788359 rs9856098 0.158377152238187 0.0781076273677944
3 46350056 0.435895354304537 rs71327048 0.33386165311527 0.151382476933968
3 46350358 0.741780028617269 rs11130089 0.158382223816599 0.0781074774230852
3 46350367 0.741780028617269 rs10865940 0.158382223816599 0.0781074774230852
3 46350538 0.547410586735695 rs12494200 -0.0454908990897768 0.128379414141637
3 46350716 2.18304525902563e-15 rs57093591 0.60472868236129 0.103490746732665
3 46350725 0.741780028617269 rs7634816 0.158382223816599 0.0781074774230852
3 46351446 0.741916193209926 rs6767895 0.158386459958703 0.0781076006540818
3 46351874 0.286398473930262 rs6441960 0.259529366620194 0.0792800479597557
3 46352355 0.101227610257632 rs4513489 0.164690395835173 0.0987382511811076
3 46352384 0.758955154011905 rs6441961 0.155396513922936 0.0766134920201417
3 46352759 0.741831882215868 rs6441962 0.158383082447852 0.0781054419039935
3 46352908 0.000109844147774424 rs62244806 -0.2459520407465 0.09235411025814
3 46353028 0.741746699768338 rs6771900 0.15839555907254 0.0781078034423206
3 46353199 0.436248262712008 rs34180919 0.333981465213986 0.151368022111722
3 46353474 0.278446838881487 rs4683215 0.248116488414083 0.0793895820468476
3 46353556 0.0905323766325632 rs36118194 0.169016676483026 0.100703356063584
3 46353680 0.0921788318598783 rs35643483 0.0232186187841603 0.0824130763155507
3 46353870 0.741677413800457 rs6775208 0.158404138132985 0.0781074538674518
3 46354839 0.750714987105098 rs6441963 0.125747505939893 0.0753894710420652
3 46354972 0.741229939482859 rs6441964 0.158492031542392 0.0781128063840685
3 46355048 0.0920910925545245 rs6441965 0.0232104394434113 0.0824136646745888
3 46355147 0.286669934003643 rs62244813 0.259499039073079 0.0792807745623677
3 46355492 0.436343760948593 rs34351442 0.333924038969248 0.151373833694085
3 46355641 0.43649773472298 rs35577626 0.333966676513766 0.151378637352311
3 46356048 0.436177040325661 rs34988015 0.334033396054467 0.151371769702163
3 46357030 0.741616451903233 rs4134396 0.15840292933764 0.0781100414756357
3 46357144 0.741547129179788 rs6785878 0.158411508824634 0.0781096918681141
3 46357339 0.191643281128919 rs62244815 0.113746492348886 0.0712373010924864
3 46357560 0.741547129179788 rs6788723 0.158411508824634 0.0781096918681141
3 46357822 2.07435179249302e-15 rs113507038 0.604904898629642 0.103512437272485
3 46358114 0.0922628016783672 rs35292280 0.0232751979648148 0.0824185780093325
3 46358650 0.000552422596800048 rs113962808 -0.204766986317909 0.0804512853289421
3 46358904 0.773397243506063 rs2157059 0.155916801103425 0.0791854981995867
3 46359270 0.000549464611712862 rs2187671 -0.20467370467337 0.0804607091897235
3 46359938 0.436256407016996 rs34578126 0.334018562315457 0.151372981637176
3 46360046 0.000549487126513224 rs34602794 -0.204636977773403 0.0804580159681802
3 46360055 0.741675241033829 rs36030342 0.158381873899869 0.0781058457235278
3 46360322 0.091219554852076 rs76258812 0.169141428575039 0.100809144069141
3 46360359 2.09937759090193e-15 rs112384491 0.605010314468135 0.103521055713553
3 46360607 0.741757220649089 rs2213292 0.15841110540562 0.0781084857345442
3 46361193 0.741642988373428 rs34148191 0.158407537367358 0.0781090875549818
3 46361367 0.19222574195185 rs62244824 0.113917553011785 0.0712560884830939
3 46361929 0.278321344995269 rs34400747 0.248299347749713 0.0794035399164012
3 46362332 0.741694072035725 rs34193387 0.158421348538361 0.0781109038461941
3 46362591 0.741723422458373 rs62244827 0.158420115262185 0.0781101990911392
3 46362724 0.741741941653202 rs62244828 0.158395826151223 0.0781108620920825
3 46363186 0.741741941653202 rs34505903 0.158395826151223 0.0781108620920825
3 46363910 0.741746581867797 rs7626249 0.158394027830205 0.0781099268650868
3 46364186 0.191695280012671 rs112515687 0.11373075859209 0.0712360974056082
3 46364401 0.741707634150809 rs35971655 0.158400756431193 0.0781103723701476
3 46364608 0.741638340257788 rs35675823 0.158409336029944 0.0781100227659318
3 46364676 0.741635524946624 rs963045 0.158411577403335 0.078110198610513
3 46364860 0.456323773098148 rs112313229 0.104164833165028 0.167481842790164
3 46365544 0.291735223741182 rs36048784 0.267328872544558 0.0792568607399712
3 46365783 0.00054945075746756 rs2157056 -0.204663662790805 0.0804614665504739
3 46366269 0.74190027134575 rs2157057 0.1583615926223 0.0781071785086896
3 46366324 0.286594744263958 rs2157058 0.259507718888649 0.07928044089828
3 46366518 0.436117102525033 rs35148665 0.333878865332046 0.151375272912903
3 46366857 2.07262689275552e-15 rs113647051 0.604953150017457 0.10351132427367
3 46366893 0.286539705542363 rs2187669 0.259521295077188 0.0792825510121462
3 46366954 0.278268523987187 rs2187670 0.24814286587094 0.0793930255557668
3 46367010 0.741749752152254 rs62244840 0.158421302031794 0.0781129187178758
3 46367918 0.741642312887778 rs35053103 0.158411715234979 0.0781093829909712
3 46368103 0.278005773181791 rs7432080 0.248024719557836 0.0794061928304262
3 46368307 0.0688516240186319 rs2888523 0.30663355828053 0.0945915711303601
3 46368461 0.739814364138959 rs2888524 0.158615459746709 0.0781128188926904
3 46369803 0.0919107916521985 rs2888525 0.0233580910895829 0.0824293612133718
3 46370115 0.734460843170389 rs62244846 0.147346903432837 0.0781077408733718
3 46370803 0.015799354306447 rs2888526 -0.219097702920076 0.128728157053703
3 46370804 0.191850189820645 rs36076592 0.113736765179483 0.0712368437300987
3 46371583 0.278324337504429 rs62244847 0.248133935284692 0.0793912243731448
3 46372304 0.741820565618621 rs62244848 0.158416418691049 0.0781099649121675
3 46372378 0.436570896417001 rs35438577 0.333932828029886 0.151392294666325
3 46373104 0.00075418504168394 rs4683217 -0.192049895920882 0.0806139688134961
3 46373224 0.278540034052265 rs4683218 0.248087989788505 0.0793953030519124
3 46373936 0.192096683498942 rs112962863 0.114018854666166 0.0712653486726947
3 46374020 0.278366797767046 rs35510257 0.248131943994847 0.0793937313525384
3 46374273 0.278403659000111 rs34997146 0.248121526661326 0.0793941193948738
3 46374436 0.741937052568411 rs35465430 0.158399225398623 0.0781140289334263
3 46374653 0.436269796972728 rs34709208 0.333889365383844 0.151395635837747
3 46374798 0.192115925891154 rs113098443 0.114017226368638 0.0712615170220851
3 46375657 0.436711849017731 rs79509816 0.333930065936789 0.151394116281152
3 46375737 0.436550932607358 rs34024447 0.333978244517259 0.151400982523616
3 46376169 0.437212850702475 rs34106161 0.334220916687031 0.151410021904537
3 46376341 0.38504050828986 rs2040389 0.241211446141267 0.0794185056676763
3 46376501 0.385082283298739 rs2040390 0.241413844616805 0.0794100590123575
3 46377005 0.436781800524785 rs71615445 0.334341784774849 0.151405881959531
3 46377613 0.432568692667124 rs2213288 0.234858203063947 0.0793751440906096
3 46378025 0.756337846663641 rs2097282 0.136030111179726 0.0783489539254578
3 46378131 0.432495913918953 rs2097283 0.234870071433912 0.0793753121837898
3 46378309 0.436959514015462 rs71327052 0.334340525640177 0.151386821053332
3 46378383 0.0531481192611383 rs34354138 0.19531668821995 0.0735209154996976
3 46379989 0.431955589830847 rs6801761 0.234803785935678 0.0793922018234502
3 46380695 0.432266238010202 rs6441968 0.234749886110402 0.0793859243107786
3 46381407 0.00441885038262223 rs4683219 -0.0935321249655763 0.0759058529664101
3 46381507 0.436138997164694 rs71327053 0.334251452927631 0.151387032874851
3 46381597 5.43826950028583e-05 rs62242981 -0.268202171349475 0.0935831960128591
3 46381772 0.435641420457243 rs71327054 0.334487334667337 0.151383768478854
3 46382017 0.436254582440221 rs71327055 0.334302093284159 0.151385081426962
3 46382622 0.436254582440221 rs35367413 0.334302093284159 0.151385081426962
3 46383612 0.436254582440221 rs36052732 0.334302093284159 0.151385081426962
3 46383906 0.00955534494775192 rs113403743 -0.227638711221536 0.128772330773123
3 46383922 0.00955380174985255 rs62242983 -0.227644167077122 0.128771877859206
3 46384169 0.436064655538414 rs6441970 0.23606900287759 0.0795531844181541
3 46384204 4.50852204146238e-21 rs113341849 0.734816199108244 0.116470178884051
3 46384547 0.436485444290051 rs17765264 0.334110343939613 0.151381876172905
3 46385161 0.436485444290051 rs17765307 0.334110343939613 0.151381876172905
3 46385638 0.0534074925500094 rs62242985 0.195358148519974 0.073531027774864
3 46386039 0.00464654135950326 rs35238788 -0.0932650210636677 0.0758367524341112
3 46386132 0.436485444290051 rs7427952 0.334110343939613 0.151381876172905
3 46386857 0.436970181836004 rs35881901 0.334113885610142 0.151384975026033
3 46387292 0.756175637846687 rs6785981 0.136003734168855 0.0783416226964332
3 46387576 0.432324221007303 rs6765031 0.234903015690985 0.0793731755867508
3 46388188 0.755961873220303 rs2097284 0.136035706453252 0.0783431038553708
3 46389166 0.436485444290051 rs34448949 0.334110343939613 0.151381876172905
3 46389462 2.00312878162698e-15 rs112088397 0.605494671540449 0.103510694688655
3 46389547 0.436485444290051 rs35601704 0.334110343939613 0.151381876172905
3 46389649 0.436485444290051 rs35413141 0.334110343939613 0.151381876172905
3 46389745 0.436485444290051 rs34363105 0.334110343939613 0.151381876172905
3 46389976 0.436485444290051 rs71327056 0.334110343939613 0.151381876172905
3 46390228 0.0120277086779543 rs35728689 -0.222948019963088 0.128228824190548
3 46391071 0.432245683272294 rs6441971 0.234921409290268 0.0793730191915409
3 46391390 0.756238863093953 rs6441972 0.136059293063462 0.0783467382182904
3 46391648 0.437402796006456 rs35943069 0.334107433721664 0.151387567341833
3 46391788 0.0120247932679723 rs17141006 -0.223057526396939 0.128224633496243
3 46392060 0.0120247932679723 rs17141010 -0.223057526396939 0.128224633496243
3 46392089 0.436485444290051 rs1894387 0.334110343939613 0.151381876172905
3 46392131 0.450501873364962 rs1894388 0.338534705210365 0.151376969483575
3 46392162 0.0120247932679723 rs62242995 -0.223057526396939 0.128224633496243
3 46392265 0.432372312055908 rs768539 0.234900636812006 0.0793725066525868
3 46392976 0.43617707967767 rs34473395 0.334170533699583 0.151392662274791
3 46393463 0.43617707967767 rs3918354 0.334170533699583 0.151392662274791
3 46393970 0.0119789909921396 rs3918357 -0.223033483270566 0.128255949248739
3 46394419 0.756485286682334 rs3918358 0.136082883350255 0.0783417393974752
3 46394680 0.432372312055908 rs3918359 0.234900636812006 0.0793725066525868
3 46395313 0.43617707967767 rs3749461 0.334170533699583 0.151392662274791
3 46395585 0.432372312055908 rs3092964 0.234900636812006 0.0793725066525868
3 46395786 0.406286561397887 rs3918361 -0.242671358319584 0.0799454759678417
3 46395930 0.43617707967767 rs3918362 0.334170533699583 0.151392662274791
3 46396616 0.406256363177876 rs3762823 -0.242669628980503 0.0799460304127704
3 46396938 0.739894731941712 rs3092963 -0.141565494995606 0.0787969926623154
3 46397039 0.406126843937091 rs3092962 -0.242725599104591 0.0799536452911634
3 46397440 0.0442904540067577 rs3092961 -0.199050672719849 0.0735414180402063
3 46398159 0.0120151126961651 rs3918363 -0.223025560124333 0.12825053251737
3 46398291 0.0120131281228003 rs3918364 -0.223030992891455 0.128250083473405
3 46398364 0.437139723126334 rs3918365 0.334044836200132 0.151414909259916
3 46399208 0.0119815524400616 rs1799864 -0.223231477480085 0.128257355003988
3 46399798 0.739908859744931 rs1799865 -0.141593018581057 0.0787980986762014
3 46400062 1.99114155565898e-15 rs3092960 0.60538769716513 0.103505810798681
3 46401032 0.739983910768012 rs3138042 -0.1415819213314 0.0787987421171401
3 46402018 0.406210051778752 rs743660 -0.242737939252483 0.0799581843761513
3 46402053 0.0120524841399686 rs34138562 -0.222894072298485 0.128241958273559
3 46402431 0.436207421015081 rs11575062 0.334153220768457 0.151386046485359
3 46402564 0.40617099912679 rs762788 -0.242748026177632 0.0799588010662234
3 46402627 0.814335388135092 rs762789 -0.141027686772138 0.079885028478429
3 46402645 0.43617707967767 rs71327057 0.334170533699583 0.151392662274791
3 46402688 1.99546722628138e-15 rs762790 0.605964136570802 0.103504555676179
3 46402734 0.43617707967767 rs34041956 0.334170533699583 0.151392662274791
3 46403240 0.43617707967767 rs3918368 0.334170533699583 0.151392662274791
3 46403315 0.0444753632424371 rs6441973 -0.199097983340422 0.0735519247010955
3 46403401 0.405489538598653 rs1034382 -0.242855711656595 0.079960513414954
3 46403468 0.43617707967767 rs3092959 0.334170533699583 0.151392662274791
3 46403681 0.436121040988949 rs3092958 0.334217694555167 0.151392847764429
3 46403961 0.43617707967767 rs3092957 0.334170533699583 0.151392662274791
3 46404163 0.405790277824359 rs2373226 -0.242775986296644 0.0799597156544744
3 46406367 0.322249793070883 rs2213290 -0.109114203396815 0.0725749362145901
3 46406578 0.0718077005597422 rs2373227 0.170726445901096 0.101426650017947
3 46408180 0.437569444886783 rs35513549 0.333934505574179 0.151402960776561
3 46408731 0.115375724752674 rs2040388 -0.101568669303702 0.0716859626625114
3 46409113 2.02075296231013e-15 rs3136535 0.605627701712834 0.103510347897674
3 46410036 0.000442293226465918 rs7637813 0.2161276755195 0.0814920050413187
3 46410137 2.00886993262821e-15 rs41490645 0.605908200888182 0.10353021389366
3 46410494 0.490754362968449 rs2856757 -0.094159789363735 0.0732007381124518
3 46410936 0.286872381186766 rs2734225 -0.0858643849330571 0.0750365822867248
3 46411542 0.110817466217822 rs2227010 -0.07599941850603 0.0731266879461928
3 46411661 5.09027520423662e-14 rs2856758 0.588864255802563 0.101123067936751
3 46411840 0.289584118984548 rs2734648 -0.0860848241457913 0.075066013211233
3 46411935 0.686989597205856 rs1799987 -0.010580391585007 0.0747710074699905
3 46412259 0.68695646187227 rs1799988 -0.0106111195935569 0.0747686342188849
3 46412308 0.289126742917491 rs1800023 -0.0861175135599595 0.0750494795419429
3 46412559 0.0115730128883909 rs1800024 -0.200680732020826 0.127413801015464
3 46413334 0.648927858747269 rs2856762 0.274356979451521 0.142673338551754
3 46413418 0.289109786645444 rs2254089 -0.0861217338335676 0.0750490521541561
3 46413743 0.289127075101499 rs2856764 -0.086281504864692 0.0750537074736337
3 46413950 0.289054870361692 rs2856765 -0.086103317716645 0.0750491843846157
3 46416216 0.726452709431329 rs17765882 0.266088098023233 0.142149492545622
3 46416470 0.353622148025242 rs1800874 -0.0841979718585909 0.0750037432301568
3 46417069 0.0523590981748501 rs41442546 -0.422550842000203 0.151935943497797
3 46417312 0.698771866315557 rs746492 -0.00344780863084913 0.0745249242045734
3 46418342 0.18243458820356 rs3087251 -0.088342907750617 0.0739418540763777
3 46418417 0.424372893399665 rs3087252 -0.0993481400238149 0.076132268168338
3 46418689 0.165249438475684 rs3087253 -0.0862734271567855 0.0742055125740304
3 46420104 0.346697637746436 rs11575816 -0.101207138179543 0.0761715850701844
3 46420170 0.346697637746436 rs11575815 -0.101207138179543 0.0761715850701844
3 46420799 0.418560146893129 rs3181038 0.275597910355658 0.139907906028311
3 46421838 0.346697637746436 rs3181039 -0.101207138179543 0.0761715850701844
3 46422355 1.15409713137894e-15 rs11575821 0.604159616288227 0.10158990995508
3 46422645 0.42002680788771 rs17715106 0.275405861057427 0.139920650920987
3 46423063 2.22992860479263e-15 rs7652037 0.608847150641233 0.101265455407742
3 46423123 0.346749008369043 rs4683220 -0.101196834314453 0.076173444462134
3 46423666 0.418560146893129 rs35516519 0.275597910355658 0.139907906028311
3 46423928 0.020044087727639 rs62246129 -0.211456299390695 0.133291542322716
3 46424007 0.346749008369043 rs916091 -0.101196834314453 0.076173444462134
3 46424569 4.47175691417837e-12 rs17141079 0.521945869532315 0.0836448323860826
3 46424610 0.418560146893129 rs34455547 0.275597910355658 0.139907906028311
3 46425092 4.47175691417837e-12 rs6777875 0.521945869532315 0.0836448323860826
3 46425202 0.019352784013664 rs62246130 -0.216468205486693 0.13275252659549
3 46425647 1.15566626770594e-15 rs34291293 0.604148398484736 0.101589711146662
3 46425711 2.23653748468759e-15 rs34445878 0.608890821897644 0.101270883681395
3 46425718 9.92515448663071e-16 rs113263161 0.615008798578657 0.102145376640337
3 46425960 0.419042345285958 rs34158148 0.275534019364418 0.139891350130207
3 46426007 0.418560146893129 rs34190223 0.275597910355658 0.139907906028311
3 46427037 0.418560146893129 rs34883716 0.275597910355658 0.139907906028311
3 46427264 7.8445462815705e-07 rs6441974 0.30028525731618 0.0761041717050361
3 46427354 1.16700707284793e-15 rs34971514 0.60396836685051 0.101583898773943
3 46427616 1.15216361433813e-15 rs111669359 0.604193999277093 0.101589562445278
3 46427835 5.06800487975508e-16 rs6787972 0.608468309928823 0.102142862705612
3 46428190 0.000348102885626046 rs6441975 0.257589192137171 0.0818282733731169
3 46428417 7.83590240748032e-07 rs2187673 0.30024095716496 0.0761008450307057
3 46428658 7.83611917973352e-07 rs1001007 0.300240911210469 0.076100429180819
3 46429391 1.16780437778025e-15 rs112359020 0.603979825866997 0.101586315140657
3 46429679 1.1724445895468e-15 rs35388950 0.604025490083528 0.101592904489533
3 46429717 1.17090312562678e-15 rs75630441 0.604086496925438 0.101601691646618
3 46429773 0.346534008336041 rs34682274 -0.101229887076506 0.0761724000545942
3 46430589 0.51679042440306 rs78491445 0.267108092450211 0.139273907695454
3 46431695 1.19170405607759e-15 rs113634435 0.604105587475364 0.10162461843801
3 46431751 1.1905477488506e-15 rs111713092 0.604288713295704 0.101624808580207
3 46432089 0.346450415118064 rs79343170 -0.101283720212417 0.0761362715389602
3 46432856 1.16403601715425e-15 rs113934302 0.6040578513632 0.101586567859315
3 46433146 1.15693927411993e-15 rs111961837 0.604205240326265 0.101590170591248
3 46433243 0.427831176931869 rs35821444 0.275541075483028 0.139887224151573
3 46433247 1.15693927411993e-15 rs112982903 0.604205240326265 0.101590170591248
3 46433508 0.427858834285538 rs35260614 0.275542963266072 0.139889957344895
3 46433967 1.31380118699794e-15 rs112368251 0.604764080801419 0.101766257040719
3 46433987 1.31380118699794e-15 rs113229741 0.604764080801419 0.101766257040719
3 46434319 4.62368799796308e-12 rs34953706 0.521681089635826 0.0836274696744964
3 46434525 7.8290587351504e-07 rs35060576 0.300197431369177 0.0761013604537268
3 46435161 5.01392068953899e-16 rs113255842 0.602026991150346 0.101558554043384
3 46435229 2.59183581200984e-12 rs71327061 0.520092269998844 0.0835895865528656
3 46435292 0.425208608259638 rs35479331 0.275975421302179 0.139873943635526
3 46435615 0.0177499537427448 rs1894389 -0.213354704821796 0.132510604367187
3 46436467 4.35017134861142e-12 rs112709339 0.505583795705884 0.0839559385922106
3 46436956 0.431460787775321 rs34203322 0.274833642495871 0.139878364759859
3 46437400 0.431460787775321 rs17782551 0.274833642495871 0.139878364759859
3 46438012 2.79876920015117e-06 rs6441976 0.104977518171041 0.138222140677003
3 46438378 0.43134495647557 rs6806951 0.274855432076528 0.139880479292412
3 46438913 9.14068501657966e-12 rs71327062 0.504611573288762 0.084276635962251
3 46438940 9.07483648088794e-12 rs35878193 0.504728860546718 0.0844186444834579
3 46438950 9.12582379152042e-12 rs34200951 0.504723089018535 0.0844127641278001
3 46439225 1.36398034498272e-06 rs4683222 0.278817305966006 0.0761350005393761
3 46439882 4.26473162806602e-12 rs112905888 0.504835304457372 0.0839147428730123
3 46440045 0.431460787775321 rs17782618 0.274833642495871 0.139878364759859
3 46440072 0.431418215278328 rs17782636 0.274833295023409 0.139881059001651
3 46440977 4.28185914234956e-12 rs743661 0.504820013828883 0.0839174444516594
3 46441176 0.429454791162242 rs2097285 0.273904925984422 0.140207675222779
3 46443769 4.27693777446341e-12 rs916092 0.504823544850164 0.083913672993213
3 46443931 1.51483974183051e-15 rs6798291 0.582896141549936 0.102212886266143
3 46444278 0.00034032427329905 rs2027820 0.254721046815793 0.0817652914072464
3 46444383 0.000339799175767613 rs2373232 0.254782927645147 0.0817633081363116
3 46444405 0.142991214083313 rs2187674 -0.167563565163106 0.0747873979721433
3 46444794 1.51480234582601e-15 rs916093 0.582762779284845 0.102200384257747
3 46444835 1.51323729559233e-15 rs916094 0.582654157242463 0.102195656076103
3 46445343 1.51891580811457e-15 rs112903945 0.582839517480518 0.102214624562565
3 46446721 1.51812447247764e-15 rs11574428 0.582820580151801 0.102215571461781
3 46446810 1.525278935073e-15 rs11574429 0.582807582291455 0.102218039148051
3 46447554 4.31009133219212e-12 rs11574430 0.504871180603695 0.0839233220522352
3 46447904 0.101348815814284 rs11574433 -0.193391879622143 0.0750199079892384
3 46447915 1.53847954822453e-15 rs11574434 0.582744785836661 0.102179882222106
3 46447972 1.1164809654054e-22 rs11574435 0.686495070833838 0.111512766226167
3 46447988 4.7659252086841e-12 rs11574436 0.504992655940345 0.0839980426590904
3 46449391 0.431398321743518 rs11574442 0.274799009406159 0.139878803103778
3 46449864 1.52761545639247e-15 rs6808835 0.582689008449302 0.102170579298521
3 46449978 0.145171981890356 rs11266744 -0.166015296817632 0.0748315436447972
3 46450070 0.131970132325048 rs3204849 -0.168166098127472 0.0753527131097461
3 46450072 1.53946134996971e-15 rs6441977 0.582827504354098 0.102190741772412
3 46450297 0.431398321743518 rs3204850 0.274799009406159 0.139878803103778
3 46450884 1.52712495781207e-15 rs1140865 0.582636898762603 0.102168584064984
3 46451358 0.141916766979824 rs4560336 -0.167741040376199 0.0747797608046156
3 46451502 1.52712495781207e-15 rs2157061 0.582636898762603 0.102168584064984
3 46451647 1.52712495781207e-15 rs2157062 0.582636898762603 0.102168584064984
3 46451680 0.000330499942710392 rs1015164 0.257376095207956 0.0818345340469136
3 46452863 1.46254234455802e-15 rs6762266 0.583294405623598 0.102246344354322
3 46452873 1.4825296330408e-15 rs6770674 0.583357618488832 0.102268023119633
3 46453487 1.4825296330408e-15 rs112384806 0.583357618488832 0.102268023119633
3 46453994 4.94364967600562e-08 rs6441978 0.465116124506447 0.0796498236485455
3 46454350 4.2075816458763e-12 rs17141101 0.504813754978969 0.0838932756926467
3 46454682 1.55457552208061e-15 rs113774564 0.58449368841295 0.102422375685769
3 46454688 1.55457552208061e-15 rs113069082 0.58449368841295 0.102422375685769
3 46454734 0.144677887048236 rs4683223 -0.166180700668809 0.0748315270667262
3 46455541 0.431552295826106 rs35568430 0.274767807444107 0.139878939318641
3 46455754 1.52059783098319e-15 rs111514151 0.582703221303409 0.102169667714699
3 46457272 0.000341426857930337 rs35937775 0.254549315369448 0.0817665725379177
3 46457329 1.52597854456096e-15 rs113942981 0.582663989207592 0.102173921464202
3 46457412 1.16608171666934e-23 rs113010081 0.727631939437607 0.116439440578081
3 46458228 1.53898132148036e-15 rs113490452 0.582776459335668 0.10218972131416
3 46458505 1.53335582334645e-15 rs6782522 0.582772288855715 0.102187321320022
3 46458942 1.55342206761539e-15 rs6791599 0.582905690259299 0.102168349863894
3 46459050 1.52514312347718e-15 rs111959715 0.582662989248626 0.102171423970642
3 46459121 1.53454475914685e-15 rs6791789 0.582752041289102 0.102186097230823
3 46459291 1.53099681169561e-15 rs113365357 0.582757121485608 0.102187287303256
3 46459398 1.60964545680884e-15 rs112870257 0.583453190033733 0.102278461899767
3 46459411 1.60964545680884e-15 rs113888916 0.583453190033733 0.102278461899767
3 46459490 0.106344314452302 rs66484806 -0.171596260595991 0.0747395634427678
3 46459914 1.53532287854893e-15 rs113710186 0.582770324677836 0.102196795981744
3 46459956 1.53687869295062e-15 rs111958022 0.582746991431861 0.102196551217169
3 46460013 1.51988870519952e-15 rs113064717 0.582650416865755 0.102165725532366
3 46460083 0.390961713156806 rs34474200 0.203107604504148 0.110896096501232
3 46460093 5.68703044729033e-08 rs34127016 0.471968263798587 0.079739073737177
3 46460163 0.390886067129706 rs7613132 0.203108686709156 0.11089559840209
3 46460192 0.390961713156806 rs7613140 0.203107604504148 0.110896096501232
3 46460195 5.64800218646392e-08 rs7613142 0.471969278328427 0.079730762296592
3 46460263 0.390961713156806 rs7645961 0.203107604504148 0.110896096501232
3 46460351 0.392227895717784 rs7623238 0.203361586171114 0.110899860813727
3 46460494 0.390961713156806 rs4345106 0.203107604504148 0.110896096501232
3 46460649 0.390421797217251 rs4607147 0.203153609807759 0.110903122209517
3 46460675 1.52356422468262e-15 rs111410234 0.582768377097635 0.102185968919401
3 46460718 0.390961713156806 rs4630979 0.203107604504148 0.110896096501232
3 46460794 0.390237252116332 rs2097276 0.203296963448297 0.110900563391226
3 46460873 0.390961713156806 rs35832211 0.203107604504148 0.110896096501232
3 46460888 0.298981082569717 rs112347425 -0.39645642503838 0.128472992218577
3 46460967 0.391005387954284 rs35895909 0.203099591299453 0.110896657958523
3 46461245 0.390220596753062 rs34158984 0.203278656712593 0.11090108045947
3 46461621 0.391005387954284 rs36082746 0.203099591299453 0.110896657958523
3 46461783 2.22766098946419e-16 rs112712359 0.606245935906331 0.102100166495106
3 46461917 0.391033857075453 rs111576376 0.203132036448123 0.110900319745967
3 46461944 0.391033857075453 rs34001666 0.203132036448123 0.110900319745967
3 46461950 0.39109795312987 rs34932765 0.203122653209629 0.110899262528853
3 46462023 0.391000791911862 rs34783306 0.203106224303754 0.110896815065519
3 46462074 0.391000791911862 rs34376243 0.203106224303754 0.110896815065519
3 46462136 0.391000791911862 rs35217732 0.203106224303754 0.110896815065519
3 46462144 0.000174904574004923 rs4317138 0.330778951334101 0.080393766599782
3 46462170 0.390185862184742 rs35439446 0.203306308963677 0.110900245340952
3 46462239 0.390957118169325 rs36056379 0.203114237491721 0.110896253608814
3 46462551 0.390957118169325 rs34629133 0.203114237491721 0.110896253608814
3 46462659 0.390915044523444 rs7610554 0.203114736969482 0.110896297004918
3 46462904 0.419691857209444 rs35359910 0.203421407913596 0.112542122781454
3 46462906 0.419914103403223 rs34439578 0.203380151359294 0.112542020143787
3 46462909 0.420157736794985 rs34042186 0.203359428790772 0.112528575114402
3 46462971 0.391188514660808 rs7622222 0.202982615559619 0.110931217554422
3 46463229 0.391495379596168 rs7624804 0.203062642858317 0.110896101089498
3 46463418 0.411831495832695 rs7627175 0.203661238227331 0.111638234991014
3 46463424 0.406165281489751 rs7624805 0.203728129005757 0.111592167876743
3 46463874 0.536916397957448 rs35386789 0.286557717183453 0.139958915593962
3 46463884 0.539840193492405 rs35118578 0.288408763576597 0.139991369643481
3 46464017 0.881072627209219 rs34671664 0.193690094401553 0.131169994387196
3 46464940 0.108570921377179 rs34390431 0.089885758892417 0.0802785200229343
3 46465356 0.43342491275294 rs71327063 0.274368438374689 0.139758446581788
3 46466008 0.321348407094357 rs17141108 0.00946596777697846 0.0910733050764354
3 46466650 0.00153945924992701 rs6441981 0.217775274902846 0.0913241325847858
3 46466923 0.00153846095427482 rs4619820 0.21779508521935 0.0913244579639932
3 46467352 0.322431487657863 rs72622925 0.00975174022821303 0.0910432758612785
3 46468448 0.00117220608654209 rs2097277 0.0712209292738713 0.0773992402722817
3 46468467 0.433643812501704 rs34997818 0.274378439818927 0.139759088972965
3 46468470 0.235316425375461 rs2097278 0.00686042417979503 0.0963453774367115
3 46468641 0.000583263123076567 rs2097279 0.0752410685901721 0.0776840368458957
3 46468699 0.432810849035827 rs9714000 0.274486542999869 0.139791640515838
3 46468849 0.435833382344011 rs2157052 0.274233363619991 0.139862519621866
3 46468861 0.43495195488657 rs2157053 0.27455807349668 0.139857015403728
3 46468887 4.25310472014707e-06 rs2373242 0.161516528345381 0.0788132052080363
3 46469014 0.00154107209808757 rs4521280 0.217744827414259 0.0913202849664584
3 46469230 0.00445816967602157 rs7374971 0.0609210174089587 0.0761051623830171
3 46469271 0.236876410453041 rs34485234 0.00690026910188158 0.0963410933743276
3 46469384 0.433325513250115 rs34245951 0.274392301510998 0.139757837654661
3 46469961 0.236410644121146 rs34127624 0.00676475496416802 0.0963394582298659
3 46470016 0.00181427745273118 rs6441982 0.0680937870373785 0.0765672180292187
3 46470086 0.00418293292752437 rs6441984 0.0599313405791149 0.0760105156356529
3 46470441 0.0527687616703501 rs2373243 -0.238798968073824 0.0803385472959762
3 46470459 0.0527874774305356 rs2373244 -0.238810729220954 0.0803388930260489
3 46470534 0.433778593060696 rs2373245 0.274128814032368 0.139743055941052
3 46470549 0.0518340608579511 rs2373246 -0.239164357653253 0.0803127855288056
3 46470654 6.02541545159218e-15 rs4452362 0.52653250835816 0.102505261815196
3 46470704 0.0514453565437299 rs2373247 -0.239636955868821 0.0804283598260086
3 46470714 0.00429980176432145 rs2373248 0.0603098842419361 0.0760636833364797
3 46470728 0.0515737355908056 rs2373249 -0.239532243049534 0.0804367113304537
3 46471014 0.0517049214146254 rs2097280 -0.239235322546376 0.0803120121286617
3 46471087 0.0517049214146254 rs2097281 -0.239235322546376 0.0803120121286617
3 46471119 6.09392692156542e-15 rs112479910 0.52629223094046 0.102478300486973
3 46471525 5.97364521086311e-15 rs113595266 0.526467152623081 0.102506138957481
3 46471739 0.433584960518621 rs2373250 0.274383310104719 0.139758145593784
3 46471978 0.433584960518621 rs2373251 0.274383310104719 0.139758145593784
3 46472064 0.23665227538798 rs55651319 0.00684385014725342 0.0963449259682903
3 46472575 0.433029076992491 rs2157055 0.274779137153726 0.13975425610933
3 46472651 5.80614314887397e-15 rs4453882 0.526433274406389 0.102487210856894
3 46473056 0.051864656056921 rs62247778 -0.239308875291917 0.0803099176628482
3 46473421 0.0518658841335643 rs34340560 -0.23931950947676 0.0803106041953064
3 46473953 2.89266592668121e-05 rs6441987 0.151607307873603 0.0786752994373168
3 46474421 0.0519456889817769 rs2373252 -0.239250419440839 0.0803099424746786
3 46474670 5.83077278038671e-15 rs7645306 0.526573630947668 0.102475039892814
3 46474899 0.00417430548717027 rs6441989 0.0598125252333216 0.076009811488329
3 46474902 0.433584960518621 rs34265215 0.274383310104719 0.139758145593784
3 46474955 5.97662247042694e-15 rs77648833 0.526450930331128 0.102498268545591
3 46474992 0.433063268075122 rs35883833 0.274812558681745 0.139754705245906
3 46475122 5.85446717330788e-15 rs75820382 0.526396010223617 0.102481877784818
3 46475323 0.433584960518621 rs36030692 0.274383310104719 0.139758145593784
3 46475406 0.433584960518621 rs17285143 0.274383310104719 0.139758145593784
3 46475598 0.00230434013075259 rs6764484 0.208064067047733 0.0905486531613278
3 46475848 0.0275693172307933 rs35172160 -0.249294146507463 0.0805142880108926
3 46476049 0.236579462998559 rs79703299 0.00675281805727806 0.096338336991836
3 46476348 0.236627967866154 rs17141113 0.00679740002659485 0.0963397766537765
3 46476710 0.433919930716654 rs36020695 0.274307355076147 0.139758373625822
3 46477222 0.0706744146755698 rs34278344 -0.233206184233521 0.0815382394133991
3 46477826 5.72756031697365e-15 rs56063910 0.527867659661633 0.102716073158273
3 46477830 5.70358886609619e-15 rs75094754 0.527850154626287 0.102719570787666
3 46478866 8.32346698953268e-12 rs71327064 0.468864139469546 0.0843781812719018
3 46479006 0.236528975808508 rs34621182 0.00675523478788149 0.0963378729462196
3 46479108 0.00228733693680986 rs7621641 0.207821074004271 0.0905132988984615
3 46479208 2.88788849278372e-05 rs1034383 0.151614146449807 0.0786773565293908
3 46479668 0.0517329862691376 rs3213479 -0.239126548611783 0.0803108245734429
3 46479830 0.0427606605527419 rs3213480 -0.122932828931846 0.0788844502422827
3 46480172 0.236473982135477 rs1034384 0.00671095005924879 0.0963365889455085
3 46480387 0.0707111621729403 rs1034385 -0.233259767678406 0.0815461412991338
3 46480801 0.445945168040077 rs9110 0.0882108484061261 0.0831420343040341
3 46480958 0.0706195273217028 rs2073495 -0.233310747642526 0.0815462514458476
3 46480994 0.055049410794862 rs55787894 -0.000568472425560432 0.113863198202481
3 46481161 0.236359798199033 rs2298949 0.006765668367925 0.0963642060437089
3 46481305 0.432983486245409 rs34660315 0.274792193493108 0.139736418425873
3 46481463 0.0807353381257295 rs2298950 -0.224114483497286 0.0815049828491099
3 46482049 6.01569582902489e-15 rs111960587 0.526251434463045 0.102494933569457
3 46482861 0.316867807461117 rs34000233 -0.0152907268201287 0.0917912041485694
3 46482980 7.67954245463452e-14 rs17285324 0.495321043284022 0.100843149918404
3 46483536 0.411585880229603 rs12629300 -0.0873201280436191 0.0934027170639558
3 46483630 0.490038422128191 rs71327065 0.254948626670761 0.135847140010111
3 46483717 0.725741793414206 rs3828477 0.0491789844206358 0.0803746091245748
3 46484261 0.814103070299236 rs6441990 0.00337097524316706 0.0778206708082031
3 46484283 0.552241019996131 rs6441991 0.248389984947116 0.133778440435362
3 46484499 0.813995535516634 rs6441992 0.00339433544359596 0.0778195181601859
3 46484573 6.43472997226066e-16 rs113890833 0.529722391527039 0.101509313808362
3 46484898 0.000412036001162923 rs7615975 0.274010924849855 0.0891996676601641
3 46484964 0.814027026655675 rs1042073 0.00337696020343186 0.0778176576424556
3 46485353 0.814033052294183 rs7624071 0.00337943022317767 0.0778180126643055
3 46485369 0.396011382952319 rs7626288 -0.0149117742855328 0.0921310594079628
3 46485773 0.37450769653103 rs72622926 -0.0297457502059384 0.0919939599323615
3 46486292 0.551389717518442 rs71327066 0.248484371900963 0.133788953608909
3 46487003 0.814963898288725 rs2269435 0.0034963293224992 0.0778281280082256
3 46487332 0.000409401328850669 rs6441993 0.274138658104195 0.0892020128288507
3 46487354 0.814956392777765 rs2269437 0.0035036770050125 0.0778287629929306
3 46487430 0.814818963674862 rs2269438 0.00347636611765315 0.0778288770585992
3 46487439 0.814935642307179 rs2269439 0.00350100338223792 0.0778289797784502
3 46487546 0.814081201145405 rs2269440 0.00337583876864792 0.0778243369254072
3 46487671 0.81490493228585 rs6787643 0.0035128339121862 0.0778228570719897
3 46487737 0.552035148320855 rs35088929 0.248409193711684 0.133761949026007
3 46487750 0.814097388758079 rs6776504 0.00337414453712497 0.0778181137476677
3 46487775 2.85103830404339e-05 rs4682816 0.19352660666293 0.0756249866053021
3 46488246 0.552035148320855 rs7633268 0.248409193711684 0.133761949026007
3 46488854 0.597911204569921 rs2239692 0.0507443639011393 0.111603543849128
3 46488936 0.900649176155429 rs762787 0.0110661754415846 0.143315129546554
3 46489015 0.816684356827473 rs743659 -0.00316067044668315 0.0779240249955099
3 46489761 0.123488896722177 rs6776245 -0.335466158872929 0.139096924756585
3 46490250 0.771552983476781 rs1475967 0.00747069096878222 0.0777919617657122
3 46490366 0.149976945821748 rs2230895 -0.327807629839266 0.138095306478739
3 46490474 0.465025609485471 rs2230894 -0.038711707841874 0.101873445829272
3 46491073 0.778238631003501 rs2269442 0.0238054754491632 0.0776516779438088
3 46491267 0.817228661782358 rs17141154 0.0788357544208983 0.101258667887468
3 46491290 0.768757227568145 rs2269443 0.088710845955811 0.101828701887148
3 46491948 0.539881351420028 rs6774882 -0.0573488250234777 0.0995934755826483
3 46492721 0.849879161604966 rs7610543 0.066752627488974 0.099715889280246
3 46492756 0.849894968422173 rs7610562 0.0667440796549087 0.0997162567880546
3 46493078 0.877276783735663 rs6778559 -0.000887375318415248 0.0769722267349024
3 46493167 0.611557538641338 rs34927844 0.192749383968739 0.130242383368498
3 46493428 0.539881351420028 rs6766188 -0.0573488250234777 0.0995934755826483
3 46493526 0.132773914318006 rs6781377 -0.328507837452422 0.13753881537809
3 46493855 0.611555482117317 rs34827868 0.192762685708911 0.130241939442889
3 46494894 0.132773914318006 rs2269444 -0.328507837452422 0.13753881537809
3 46495314 0.611452770031736 rs13064957 0.192839317020768 0.130241601257136
3 46495716 0.132917382070812 rs17135 -0.328463464787737 0.137537663878517
3 46496340 0.843385824279041 rs6441995 0.00546205851486272 0.0767773400284632
3 46496388 0.132831844909492 rs6776379 -0.328494960984998 0.137536760295944
3 46496642 0.132822791062327 rs6776621 -0.32851156255276 0.137537629997639
3 46497675 0.139560411102547 rs3796377 -0.33853353332293 0.13642817727263
3 46497723 0.139560411102547 rs4683227 -0.33853353332293 0.13642817727263
3 46498261 0.868663048250408 rs4683228 0.000762550744004552 0.0768271569931492
3 46498448 0.15858661436649 rs4683229 -0.321328065476466 0.139200814849574
3 46498464 0.15723344525656 rs4683230 -0.320973421700721 0.139282375892783
3 46498472 0.157190582677521 rs4683231 -0.32101751367226 0.139283080109726
3 46498481 0.159151936249549 rs4683232 -0.316531865626306 0.139742618671908
3 46498865 0.850742316521475 rs11707471 -0.00883678012215901 0.0761361083219295
3 46498916 0.13987084038732 rs17078863 -0.338498818174895 0.136426018098498
3 46498975 0.820706940150421 rs17078864 0.0761798220742155 0.0991610247522362
3 46499172 0.138797269075029 rs7629657 -0.338894694405336 0.136413440970145
3 46499346 0.138797269075029 rs7629770 -0.338894694405336 0.136413440970145
3 46499403 0.612050079184005 rs5015750 0.192988309877121 0.130157977206887
3 46619238 0.491804451034919 rs112481213 0.0719929648474294 0.0875723990672543
3 46666121 0.0170595605736118 rs62248693 -0.0297100154508004 0.142149996726941
3 46553334 0.826252788587093 rs6770016 0.0928770304705909 0.130003703812033
3 46614299 0.389127324136828 rs62247858 -0.170104655517868 0.14316121045744
3 46592517 0.852206669552898 rs34767161 0.0761680048220723 0.129972135122639
3 46611673 0.24935072471821 rs33998361 -0.171759552581827 0.0902474971732659
3 46671216 0.384316889756464 rs72906128 -0.148740423495832 0.166207831582333
3 46632878 0.443055950249051 rs114095683 -0.303904106521221 0.137501837728177
3 46669392 0.391151118127088 rs9841229 -0.145146503531691 0.165457323002369
3 46531144 0.00712018193275369 rs9845968 0.277826889591657 0.0711300450017534
3 46528114 0.824363622607825 rs67091203 0.117704085376496 0.129209789719046
3 46642870 0.402850994490286 rs35130381 -0.174861162318398 0.0753226199215076
3 46580830 0.839209960684588 rs35082490 0.0622154828181697 0.129207104758594
3 46526694 0.230612285421098 rs62247795 -0.160526729371367 0.0816583249383722
3 46535071 0.000634098112043739 rs12496864 0.356638175286869 0.0745399147839002
3 46682746 0.102485350192665 rs6808214 0.123411438633305 0.0718769721849071
3 46677872 0.947282582040387 rs11130099 -0.0296627959196517 0.0759145446421071
3 46651256 0.0556680085259172 rs11715694 -0.191528580440764 0.110273130132673
3 46667183 0.391859435270812 rs3796370 -0.145339550266732 0.165398131484796
3 46671312 0.391466285921975 rs78837944 -0.145141580808072 0.165467729132244
3 46702202 0.115007079779009 rs6774048 0.151044589687662 0.0737384192571545
3 46561497 0.148923626740483 rs7428292 -0.309098750161597 0.157272195795335
3 46636753 0.364704407777849 rs17078979 -0.184621040490685 0.0929734469171303
3 46669787 0.00176607448194039 rs62248694 -0.165599554266269 0.0915976934625046
3 46504389 0.201496545842743 rs73065695 -0.276566362715267 0.125628262247049
3 46667110 0.395904055235611 rs3796369 -0.140277864600512 0.164458500129112
3 46652429 0.112666344943885 rs6442009 0.252296802019354 0.0745630684485792
3 46602736 0.018773866348686 rs2139633 0.241201429165074 0.0789016651356159
3 46591104 0.853809035370599 rs6770574 0.0786131827239809 0.129891282533058
3 46596264 0.375081441651144 rs9682509 0.0930624819498628 0.0880337184306892
3 46613694 0.249448311025631 rs71327082 -0.171736976408116 0.0902470016826902
3 46644094 9.54283844369671e-05 rs1520485 0.325412596501519 0.0805896378912647
3 46501213 0.850742316521475 rs1126478 -0.00883678012215901 0.0761361083219295
3 46586622 0.837308156201397 rs17286758 0.0620567348980948 0.128547584065452
3 46582712 0.44234135672772 rs1969352 0.0703957945325848 0.0775253208707242
3 46634789 0.703953376097004 rs17287344 -0.188193913458553 0.112663004388154
3 46636530 0.602075851728822 rs17078977 -0.128733235634719 0.105494143771716
3 46556553 0.147628827446516 rs35714147 -0.308936553704503 0.157341567713798
3 46640965 0.195541641861667 rs73075540 0.108624026725891 0.158737023229566
3 46510209 8.03399485999784e-05 rs1520483 0.342107636371689 0.074965821635679
3 46604430 0.0101321461776884 rs2018033 0.272974157816796 0.0775545318224077
3 46505266 0.445356644337727 rs6441996 -0.104431373731263 0.0844491629662025
3 46598377 0.0124716038010264 rs13353497 0.259271521457452 0.0774850966828709
3 46656980 0.423539834859611 rs1106665 -0.207449125031829 0.1371854911724
3 46593147 0.0340606161853661 rs1879325 -0.136163597661946 0.0795492842130003
3 46707112 0.0612246024919913 rs4683264 -0.181070224643576 0.071799352332068
3 46549304 0.657338793674056 rs2068099 0.0859942827292137 0.0989765347125364
3 46518318 0.000154203611560397 rs6762703 0.330226149381848 0.0741302215395881
3 46598105 0.200894797884382 rs35461110 -0.18428401830902 0.0921874792397171
3 46537849 0.00708845266414968 rs867620 0.277843148878105 0.071123065552088
3 46572462 0.148434825108267 rs2888531 -0.309255071241951 0.157257171991793
3 46640797 0.534297269699799 rs73075539 -0.128489879747664 0.105746219006259
3 46513977 0.378553333841013 rs7639243 0.157102431660403 0.0822584315963182
3 46504531 0.983367181635939 rs11130091 0.131198614875503 0.0849791224029097
3 46696797 0.894145010938393 rs17079097 0.0308438400362049 0.148417008005392
3 46588813 0.844675327002777 rs9846026 0.0656371983816533 0.129239325484111
3 46668854 0.391554516110178 rs9820361 -0.145034551926205 0.165459051511164
3 46592434 0.0391057274492728 rs9311391 -0.28289984216591 0.0749563371043519
3 46590528 0.842181790020151 rs6778415 0.0660361671583848 0.129359442485029
3 46585420 0.825901077402259 rs34167705 0.0927890427237234 0.129975244552355
3 46504316 0.84631554307109 rs9862388 -0.00951146564977504 0.0769560069731743
3 46688562 0.0703693456016374 rs7633770 0.206771888986153 0.0713705071147588
3 46503753 0.135827809364908 rs72900268 -0.339693623563917 0.136600604243963
3 46623690 0.178073369951714 rs1049667 -0.0268038091292874 0.08220298041715
3 46612334 0.249448311025631 rs35360667 -0.171736976408116 0.0902470016826902
3 46665265 0.391938323296904 rs72904287 -0.145440900577175 0.16539736178605
3 46702471 0.18212755953655 rs877680 0.113295724610879 0.0730776849308029
3 46664908 0.391396292122744 rs9819159 -0.145348143081427 0.165391075171399
3 46704949 0.0668018953636715 rs77465136 0.14802161506992 0.162224577337154
3 46670363 0.391151118127088 rs9864097 -0.145146503531691 0.165457323002369
3 46638960 0.722383758258001 rs1520491 -0.219719540187394 0.117857526050136
3 46640782 0.534297269699799 rs73075538 -0.128489879747664 0.105746219006259
3 46584172 0.0211624502947668 rs9810340 -0.265720431493565 0.0742905657743377
3 46540310 0.91297246562568 rs13353428 0.110588733192668 0.126824540089409
3 46595127 0.0824914257913821 rs11714288 -0.233144786416538 0.10944065354677
3 46617337 0.490630483453371 rs3806701 0.0720074790200057 0.0875814467779426
3 46560744 0.826404651577723 rs13099992 0.0927956349609399 0.130009260987078
3 46591625 0.853932410066455 rs28595844 0.0785791372806406 0.129902468497222
3 46567871 0.363906634339621 rs62247799 -0.161613404569505 0.0974250653802353
3 46645609 0.395279273956165 rs6787465 -0.174415811948721 0.0752472325670261
3 46592895 0.852653218034867 rs28617572 0.0767319759396962 0.129949952290192
3 46592987 0.864403006017936 rs28687398 0.077323792709784 0.129958143119555
3 46641251 0.195715475596347 rs73075543 0.108660014063267 0.158721173318295
3 46598216 0.49927531660579 rs58498208 -0.133113626664758 0.127220736970974
3 46702695 0.945998741566079 rs4683260 -0.0114403607090887 0.0781442666638121
3 46568157 0.148325363927179 rs1879328 -0.309233766810754 0.157270276843581
3 46500458 0.609718857320024 rs4547741 0.192923913536966 0.13013650158561
3 46691866 0.0681814631432029 rs1581325 -0.138025884309159 0.0725211796157792
3 46677459 0.122104224874628 rs1520488 0.114513641748508 0.0717278433731206
3 46539963 0.000981443423270064 rs2280407 0.343465532081459 0.0745729391592043
3 46703814 0.372502726518357 rs6804118 0.146687966040398 0.0786730888468242
3 46629382 0.636603129750979 rs6442006 0.0728169933953633 0.0874219827338717
3 46581884 0.148593149214818 rs1814973 -0.309016411817888 0.157347046745525
3 46589143 0.205531284794902 rs9846499 -0.236817614097108 0.0741193742533095
3 46541147 0.00959712026234404 rs7430431 0.273481702611791 0.0699635922114597
3 46647937 0.529756237035938 rs75164718 -0.234304386365451 0.137886883124493
3 46545927 0.896616787795078 rs6801427 0.140684598492564 0.127489598172784
3 46698538 0.143710929206242 rs4683259 -0.105913261814326 0.0720276819381538
3 46685722 0.134707761277679 rs6442011 0.1206839799508 0.0720011751537654
3 46566216 0.00049380163500654 rs34478154 0.300461393849698 0.0715144737203415
3 46605091 0.0185294384105901 rs871636 0.24461053790747 0.0787632877107738
3 46538569 0.856980273675833 rs35124447 0.109682190949081 0.128367313699551
3 46675486 0.987634155832343 rs7643859 0.0147386577786744 0.0749251804949362
3 46630759 0.601805817444649 rs6802820 -0.0946719068524411 0.136649801689723
3 46665951 0.391609166631726 rs111636876 -0.145505772559479 0.165399337403366
