chr bp p rsid
2 113670375 0.972578658616727 rs2708960
2 113670415 0.972578658616727 rs2708959
2 113670437 0.972578658616727 rs2723170
2 113670475 0.972747295109829 rs2708958
2 113670481 0.972578658616727 rs2723169
2 113670834 0.550281386635451 rs3811042
2 113670890 0.972533431073933 rs2723168
2 113670949 0.972591158361965 rs2708957
2 113670978 0.97231334996169 rs2708956
2 113671002 0.972363009812887 rs2708955
2 113671012 0.403843437073358 rs3811043
2 113671136 0.972570066193243 rs2464913
2 113671198 0.972570066193243 rs2466448
2 113671303 0.397319724335319 rs3811045
2 113671378 0.401640743870884 rs3811046
2 113671410 0.401640743870884 rs3811047
2 113671518 0.375233842587079 rs3811048
2 113672189 0.433435286612572 rs11687740
2 113672434 0.972570066193243 rs2708938
2 113672479 0.972570066193243 rs2464912
2 113672568 0.972548219871072 rs2723177
2 113672665 0.972608548657711 rs2723178
2 113672666 0.972608548657711 rs2708939
2 113672890 0.972602045985229 rs2708940
2 113672968 0.972608548657711 rs2723179
2 113673281 0.972548219871072 rs2723180
2 113673470 0.361309847700657 rs7563305
2 113673471 0.402573936141009 rs4849132
2 113673474 0.972540760637829 rs2723181
2 113673566 0.972540760637829 rs2708941
2 113673743 0.972540760637829 rs2723182
2 113673772 0.972540760637829 rs2708942
2 113674125 0.433708845936002 rs11676778
2 113674155 0.360888113122544 rs4257410
2 113674709 0.972540760637829 rs2708943
2 113674721 0.972540760637829 rs2723183
2 113674887 0.972540760637829 rs2708944
2 113674942 0.972540760637829 rs2723184
2 113674980 0.972540760637829 rs2723185
2 113675269 0.972747295109829 rs2723187
2 113675428 0.972540760637829 rs2723189
2 113675572 0.972540760637829 rs2723190
2 113676219 0.972747295109829 rs2708947
2 113676381 0.972443644524577 rs2723192
2 113676571 0.97246597058192 rs2708948
2 113676659 0.976152620461294 rs4611652
2 113676955 0.361451220010872 rs4458215
2 113677619 0.972448478988359 rs2708949
2 113677663 0.972448478988359 rs2708950
2 113678050 0.434887465539345 rs11683079
2 113678173 0.920153243961411 rs77238629
2 113678240 0.972448478988359 rs2708951
2 113678241 0.972448478988359 rs2708952
2 113678331 0.972448478988359 rs2723193
2 113678465 0.972448478988359 rs2954820
2 113678536 0.434887465539345 rs4289204
2 113678604 0.972448478988359 rs10199469
2 113678689 0.972448478988359 rs17042542
2 113678856 0.433637772926297 rs4241122
2 113678901 0.972457946244104 rs2708953
2 113678977 0.972448478988359 rs13420333
2 113679361 0.360771902430335 rs75278881
2 113679753 0.97244310216151 rs2723159
2 113679814 0.977480803146482 rs6736642
2 113679988 0.97244310216151 rs2723160
2 113680114 0.97244310216151 rs2708954
2 113680436 0.973255071561781 rs13023984
2 113681242 0.431937139414675 rs75396415
2 113681441 0.977524770678737 rs4849133
2 113681846 0.977524770678737 rs4589758
2 113682281 0.355678095421316 rs74552594
2 113682621 0.977543946372579 rs13023868
2 113682762 0.972421359706117 rs2708927
2 113682771 0.97752409989772 rs7577574
2 113683875 0.3068634232472 rs10864907
2 113684397 0.977516592803866 rs2708926
2 113686416 0.977656615835804 rs2708925
2 113686944 0.977656615835804 rs78599600
2 113687242 0.977656615835804 rs2464909
2 113687740 0.977656615835804 rs2464908
2 113688309 0.972277181025344 rs13423355
2 113688399 0.977656615835804 rs6751093
2 113688440 0.977656615835804 rs2723203
2 113688731 0.977474849245791 rs2723202
2 113688869 0.977656615835804 rs2723201
2 113688885 0.977656615835804 rs2723200
2 113688894 0.977665009874627 rs2723199
2 113689223 0.977656615835804 rs2708936
2 113689329 0.977656615835804 rs2708935
2 113689425 0.977650584076219 rs2723198
2 113689546 0.97759299380164 rs6725910
2 113689747 0.389845164963741 rs2723197
2 113689951 0.497478503261372 rs2708933
2 113690077 0.973255071561781 rs2723196
2 113690316 0.972283213786524 rs10084249
2 113690350 0.304211913995486 rs11683383
2 113690442 0.305800838570764 rs11695077
2 113690675 0.418046675667613 rs2708932
2 113690935 0.362907558313628 rs76303995
2 113691060 0.74185136622841 rs12467810
2 113691288 0.751541019605122 rs4387792
2 113691404 0.740598245416198 rs12467847
2 113691499 0.428057368551519 rs12987491
2 113691926 0.721600204273055 rs4848309
2 113693653 0.237374950022236 rs59995729
2 113693795 0.237343046667942 rs11683669
2 113693825 0.237414560140908 rs11694657
2 113693878 0.656622250055317 rs2708931
2 113693917 0.930717743191953 rs2723164
2 113694145 0.232357526861933 rs11689621
2 113694235 0.237235831425451 rs11694863
2 113694269 0.237177990882491 rs11696002
2 113694339 0.362750499392636 rs2723163
2 113694665 0.237346187951559 rs7600475
2 113695120 0.2377981441436 rs11692391
2 113695146 0.237875762150994 rs11685418
2 113695341 0.248775676475086 rs17042591
2 113695359 0.248769960417433 rs11692429
2 113695502 0.931325339152844 rs2723162
2 113696126 0.0961689004297753 rs2068777
2 113696346 0.207980506826457 rs4074747
2 113696528 0.912754640089103 rs7591311
2 113696594 0.153247441941103 rs4077216
2 113696686 0.214932536509207 rs7564181
2 113696695 0.236521278378613 rs11694258
2 113696838 0.236838184570942 rs11676969
2 113696844 0.89414650015137 rs13389729
2 113696846 0.894025458703921 rs13389731
2 113696896 0.91367234388321 rs13389817
2 113697235 0.1645948304424 rs12105482
2 113697276 0.142960064153722 rs10221977
2 113697961 0.246496439142692 rs10199311
2 113698078 0.160053437206264 rs11696039
2 113698094 0.157598810926472 rs34027384
2 113698136 0.159079015319833 rs11690185
2 113699055 0.141345702415249 rs10178396
2 113699228 0.16496885699691 rs12993351
2 113699617 0.232652449531375 rs7602576
2 113699981 0.164884228281352 rs12465526
2 113700355 0.247344630573063 rs12711745
2 113700394 0.905597436306263 rs73959112
2 113700892 0.164706981793832 rs67995749
2 113700988 0.164744633748597 rs12466653
2 113701164 0.164706981793832 rs12470439
2 113701383 0.164706981793832 rs6722962
2 113701447 0.164706981793832 rs6733001
2 113701452 0.164706981793832 rs6733003
2 113701598 0.164706981793832 rs6723197
2 113701807 0.141353179361388 rs4254516
2 113701824 0.164706981793832 rs6705432
2 113701863 0.246880106110537 rs4538207
2 113702178 0.164706981793832 rs12614988
2 113702468 0.163886086512058 rs12623837
2 113702530 0.241636571553422 rs7557537
2 113703064 0.163868621980097 rs12466604
2 113703078 0.235217755524309 rs74814622
2 113703281 0.163882372043879 rs12464758
2 113703493 0.235272435080686 rs7597623
2 113703646 0.164057704306811 rs12995439
2 113704724 0.235240314961583 rs4592853
2 113705090 0.911618188465764 rs13399759
2 113705401 0.235163592933301 rs78763991
2 113705403 0.163821417597535 rs12614316
2 113705673 0.164083880874617 rs13026837
2 113706171 0.235136099340424 rs3923566
2 113707112 0.135843407492788 rs11123152
2 113707114 0.135931209141634 rs11123153
2 113707577 0.123907887058842 rs66591921
2 113707645 0.164087206231322 rs12618418
2 113708026 0.235185910984313 rs11680975
2 113708102 0.152766247541099 rs6723582
2 113708790 0.152274354469514 rs11893071
2 113709618 0.152262439472672 rs6716380
2 113709876 0.161786980578294 rs12466697
2 113710353 0.137307734981082 rs6747618
2 113711028 0.0987884687983733 rs6735589
2 113712408 0.53428939189769 rs11685257
2 113712489 0.173787227172789 rs12471839
2 113712496 0.152398073114287 rs10864908
2 113712759 0.227983302053321 rs78224826
2 113712783 0.243077260957545 rs12468164
2 113713058 0.227900815786882 rs11680584
2 113714944 0.229429369045629 rs11677903
2 113714976 0.173894106802213 rs12617864
2 113715452 0.20400534961757 rs10188477
2 113715676 0.237050239504728 rs10188765
2 113716177 0.240404970025877 rs1317913
2 113716222 0.240418261948219 rs879710
2 113716254 0.235997190613563 rs879711
2 113716306 0.653271979439251 rs17659543
2 113716529 0.653360057073754 rs79890368
2 113717185 0.64566287506516 rs13415097
2 113717524 0.882171909579693 rs13426809
2 113717837 0.6448243690702 rs10206205
2 113718077 0.669691943369073 rs7578034
2 113718310 0.670424162902847 rs7580877
2 113718509 0.670835001292295 rs78912605
2 113719382 0.666106917115411 rs11674086
2 113721043 0.666095358052957 rs9308680
2 113721112 0.547356311246309 rs10496446
2 113721658 0.669031535767217 rs6761372
2 113721696 0.669031535767217 rs6758386
2 113721897 0.521243798364907 rs34006041
2 113723477 0.521243798364907 rs11689250
2 113723914 0.669031535767217 rs7580446
2 113724323 0.669035269857725 rs10200601
2 113725071 0.669073687925951 rs11691126
2 113725172 0.535493253401589 rs11692384
2 113725228 0.668180441780111 rs78979131
2 113725358 0.669073687925951 rs11884901
2 113725393 0.52121571227647 rs17042657
2 113725399 0.669073687925951 rs11902514
2 113726580 0.520821116026036 rs35880601
2 113726882 0.668230748814247 rs17607787
2 113727061 0.669156684780968 rs11897907
2 113728319 0.632355087686674 rs10177563
2 113728321 0.631701372132464 rs10177564
2 113728389 0.545307179191493 rs11676013
2 113728681 0.667056265566754 rs7559466
2 113729319 0.669532914200727 rs75454753
2 113730425 0.520958174440556 rs12616801
2 113731120 0.642808585667491 rs13029531
2 113731160 0.668236641934363 rs13029703
2 113732263 0.203792781593745 rs11695148
2 113732560 0.661567214172784 rs6542107
2 113732809 0.501930930208114 rs13418326
2 113733431 0.66521116524676 rs11123154
2 113733508 0.60476341288118 rs79470958
2 113734705 0.603080011794562 rs28947203
2 113738023 0.513942267161291 rs13410389
2 113738412 0.523148518098548 rs11683399
2 113738955 0.602889199247941 rs56198490
2 113739532 0.00559598044839938 rs6743744
2 113739675 0.524101872506245 rs13392494
2 113740259 0.66751950667141 rs11690399
2 113742734 0.207959208208169 rs7584409
2 113743970 0.52414046590664 rs28954071
2 113744981 0.52414046590664 rs10196340
2 113745157 0.513942267161291 rs10173618
2 113745428 0.513942267161291 rs13407838
2 113745812 0.524116952877 rs17042691
2 113746560 0.0978341031568801 rs10179646
2 113747540 0.524278058068825 rs79381728
2 113748202 0.0980810643529766 rs4849136
2 113749142 0.0978980929268958 rs1584216
2 113749183 0.379086824486949 rs1584215
2 113750230 0.404307040692076 rs10864909
2 113750470 0.60917214319924 rs1446516
2 113751380 0.0975727889977675 rs1562306
2 113751613 0.990979056018583 rs1562305
2 113751789 0.6029368079167 rs28954077
2 113752247 0.407013739983671 rs12711746
2 113753583 0.380924621607922 rs1374284
2 113754048 0.380924621607922 rs10200415
2 113754113 0.0975649381958939 rs56141952
2 113754754 0.0975741065427437 rs1596894
2 113755190 0.374793155186991 rs6542108
2 113756563 0.450969447375021 rs10171072
2 113756777 0.45458539880303 rs13033104
2 113756821 0.405285273879068 rs6542109
2 113757654 0.0974196385251804 rs1446515
2 113757973 0.0961633513830149 rs1446514
2 113758863 0.379134571247135 rs7571656
2 113759330 0.602011041801261 rs6714534
2 113759950 0.524919256726945 rs28938790
2 113759979 0.879759088836385 rs28938792
2 113760630 0.456126334669301 rs10184412
2 113761104 0.00487501065243 rs1026022
2 113761473 0.0879890817859047 rs1020404
2 113762224 0.693724062935146 rs28993969
2 113762317 0.451683241648237 rs11695110
2 113762532 0.0921644215743311 rs1446512
2 113762543 0.0907676425810842 rs1446511
2 113763463 0.45109054152864 rs2305152
2 113763575 0.0918185053016526 rs895497
2 113764419 0.699075621986067 rs28947168
2 113764675 0.55941872462101 rs28947170
2 113764983 0.631939825259035 rs3768769
2 113765780 0.992701126743325 rs2305151
2 113767554 0.458687369504207 rs725139
2 113767587 0.459750055372485 rs725140
2 113768402 0.887575497609595 rs1867827
2 113768620 0.992614827425626 rs1867828
2 113768814 0.57939413578622 rs28946269
2 113770464 0.286933198977199 rs11686530
2 113772272 0.394306577001103 rs28947181
2 113773561 0.283307630299542 rs1867831
2 113775337 0.49503438544122 rs4849139
2 113775573 0.394491922863454 rs4849140
2 113775749 0.239171548083544 rs7595507
2 113776670 0.331920448972665 rs6737824
2 113776672 0.331930491173391 rs4849141
2 113776690 0.392914648487496 rs12468503
2 113777115 0.930881084564909 rs35229022
2 113777390 0.377331786805133 rs35002769
2 113777408 0.395198232657037 rs1013477
2 113778642 0.335719458809833 rs6745709
2 113778986 0.335973384183634 rs6749299
2 113779206 0.398162776909286 rs13033574
2 113779533 0.351448883295585 rs11894902
2 113779875 0.398162776909286 rs4849142
2 113780930 0.396394549327851 rs6710007
2 113781335 0.346414891603977 rs9308681
2 113782059 0.929354168343082 rs10496447
2 113782329 0.930753534914473 rs17660913
2 113783230 0.396748490370158 rs6744288
2 113783570 0.396734542358639 rs13030063
2 113783909 0.285199631870198 rs6744874
2 113784261 0.811291153361363 rs34345011
2 113784390 0.70368073255348 rs34976770
2 113784802 0.914985105877787 rs34862832
2 113785020 0.390501543549596 rs12711747
2 113785202 0.303063030993316 rs11673918
2 113785727 0.000847182132858482 rs1562304
2 113785842 0.28054758264305 rs1006122
2 113786833 0.0238423254140257 rs3948121
2 113787356 0.00517356608384681 rs4849143
2 113787622 0.874915907376298 rs35391805
2 113788100 0.0375118548271279 rs17042709
2 113788590 0.035756355724048 rs3752739
2 113789017 0.0355337582920283 rs2305148
2 113789169 0.0356792499908798 rs2305149
2 113789316 0.156039140068053 rs2305150
2 113789641 0.00381451110206181 rs6724667
2 113790127 0.880148252340377 rs17042721
2 113790258 0.156091885775383 rs11123155
2 113790260 0.00381551426980067 rs11123156
2 113790553 0.00433079833986435 rs2197578
2 113790878 0.880051489199266 rs34200521
2 113790887 0.00392790652663539 rs2218557
2 113791108 0.00391579289961918 rs12614012
2 113791193 0.307354999283322 rs6758965
2 113791482 0.159068285736154 rs2862772
2 113791962 0.42836316474433 rs80339050
2 113792050 0.253145570390106 rs60078854
2 113792171 0.880142225593488 rs11883847
2 113792252 0.0378365725357633 rs60157471
2 113792419 0.159106621183201 rs11891020
2 113793428 0.430215853515768 rs76352812
2 113793442 0.0378424833031037 rs17042735
2 113794019 0.856449790179465 rs12470322
2 113794433 0.00392531834240116 rs12475423
2 113794759 0.305944226833174 rs13407508
2 113795177 0.00479843373799408 rs4848311
2 113795197 0.00478907644627012 rs4848312
2 113796666 0.146958528152894 rs1374280
2 113797261 0.00408177012312929 rs1446508
2 113797565 0.00408364226459703 rs1900287
2 113797645 0.00403493655261807 rs1900288
2 113797677 0.0383279269706996 rs2862774
2 113797741 0.94148840625011 rs77516439
2 113797762 0.00407637148898333 rs2862775
2 113797875 0.00407624360823748 rs1900289
2 113797924 0.00413395412093376 rs2862776
2 113797968 0.00413395412093376 rs7557928
2 113798016 0.00413322807167578 rs7567108
2 113798292 0.004113351659162 rs7570058
2 113798388 0.0043307749577715 rs7570159
2 113798659 0.00405796525884288 rs7570483
2 113799681 0.00405796525884288 rs1530554
2 113800049 0.004113351659162 rs4849144
2 113801150 0.00405801732747913 rs10175899
2 113801373 0.347670907368478 rs10210878
2 113801699 0.00405745700663954 rs2121333
2 113801898 0.347087607985432 rs2034260
2 113803563 0.00416829720943231 rs7569284
2 113805806 0.0557875316801576 rs721870
2 113807401 0.0632559835686331 rs34491153
2 113807584 0.0632559835686331 rs62157693
2 113807831 0.0712256736394657 rs4629159
2 113807833 0.0631406223691729 rs4603767
2 113807883 0.071252292848851 rs62157694
2 113808054 0.830730118924127 rs34466405
2 113808371 0.0701849835601923 rs12995447
2 113808511 0.00504433928120809 rs6728769
2 113808572 0.830730118924127 rs34517213
2 113808623 0.0633086220361329 rs34514967
2 113808772 0.0357609894306948 rs6725997
2 113808987 0.0701691656511912 rs11687093
2 113809266 0.82821273039486 rs11887249
2 113809290 0.828357565264123 rs11897709
2 113809715 0.0633148149924664 rs12466269
2 113810286 0.83091595471714 rs1992761
2 113810413 0.830699550255333 rs1992762
2 113810458 0.063308974803934 rs1562302
2 113810736 0.830730118924127 rs1992763
2 113810947 0.00503756453719359 rs9678578
2 113811057 0.00502689685629046 rs11123158
2 113811400 0.0677930961024316 rs11687630
2 113811731 0.0418567030155608 rs11687786
2 113811999 0.0418567030155608 rs12618939
2 113812263 0.0713038994336628 rs28929172
2 113812436 0.00503756453719359 rs6542110
2 113812869 0.0713676599994276 rs75226966
2 113813114 0.0701849835601923 rs10165821
2 113813515 0.00503864070547294 rs1813048
2 113814670 0.0959824420423571 rs28928312
2 113814953 0.0962155234941525 rs4848313
2 113815063 0.0962155234941525 rs4849145
2 113815182 0.0962155234941525 rs2515393
2 113815447 0.00503633616594433 rs2515400
2 113815997 0.0381047581357579 rs2515391
2 113816090 0.0056724703587956 rs2441374
2 113816481 0.00503685489993911 rs990524
2 113816940 0.0407234399901478 rs2278716
2 113816942 0.0424476165815394 rs2278717
2 113817181 0.0368306074098902 rs2515392
2 113817268 0.0370248064391637 rs2441375
2 113817402 0.0370414532531892 rs1530548
2 113817455 0.0227081238240338 rs1530549
2 113817513 0.0370522942773187 rs1530550
2 113817566 0.0381047581357579 rs1530551
2 113817755 0.0370324140513693 rs2441376
2 113817765 0.0370324140513693 rs2515394
2 113818120 0.0369687117190205 rs1530552
2 113818171 0.0370066196876763 rs1530553
2 113818632 0.0370216570795639 rs2251872
2 113818702 0.0370233166674454 rs2515395
2 113818727 0.0370011884953991 rs2251876
2 113818738 0.037041056387144 rs1374285
2 113819007 0.0369860796722271 rs1374286
2 113819175 0.0371672040384701 rs2515396
2 113819258 0.037108809827329 rs2515397
2 113819334 0.0370202054390299 rs2515398
2 113819382 0.037159380468561 rs6733859
2 113819419 0.0377493304485889 rs6748448
2 113819439 0.0379191791712514 rs3820738
2 113819451 0.0379337652665707 rs2515399
2 113819536 0.036966950252782 rs2472187
2 113819614 0.0371593087474835 rs2252007
2 113820476 0.0381047581357579 rs2515401
2 113820530 0.0381047581357579 rs1800930
2 113820580 0.0378125203109678 rs2515402
2 113820655 0.0372745280615572 rs3180234
2 113820672 0.0372708191719993 rs3180235
2 113820732 0.0372708191719993 rs2515403
2 113820814 0.0372708191719993 rs2472188
2 113821082 0.98967628671773 rs114189538
2 113821117 0.0056724703587956 rs2515404
2 113821200 0.0372064320240812 rs957201
2 113821336 0.0227652733417687 rs957200
2 113821653 0.0381047581357579 rs768627
2 113821887 0.0228015326588679 rs2515405
2 113821888 0.0227882137627722 rs2472189
2 113822135 0.0227424181063778 rs996878
2 113822168 0.0237064727632139 rs2515406
2 113822241 0.0237064727632139 rs996879
2 113823151 0.830522060706072 rs17042750
2 113823365 0.0227479878606653 rs17042751
2 113823375 0.0227479878606653 rs77345112
2 113823545 0.0235772044630933 rs72946735
2 113823572 0.830522060706072 rs11898158
2 113823601 0.0227769028968033 rs79004666
2 113823626 0.0375812449417607 rs12475161
2 113823746 0.0227479878606653 rs72946737
2 113823916 0.0227479878606653 rs112340382
2 113824092 0.0227479878606653 rs28992496
2 113824585 0.0176977636488841 rs17042755
2 113824748 0.00309567689006 rs10187916
2 113824840 0.0265729773241212 rs4849146
2 113825085 0.00307820516073826 rs7599662
2 113825127 0.0190846632345113 rs28992497
2 113825147 0.018773727527827 rs28992498
2 113825386 0.00309352271138108 rs2100071
2 113825966 0.206602857645407 rs921065
2 113826072 0.0176738675716347 rs6755354
2 113826223 0.831317602241471 rs28928270
2 113826475 0.0267831217921679 rs10206428
2 113826759 0.00315326446822799 rs2862853
2 113826798 0.00329594734757417 rs2862854
2 113826827 0.00328034452871992 rs1867832
2 113826832 0.00325979939678114 rs1867833
2 113827396 0.000450401665411504 rs1446521
2 113827503 0.017962776089846 rs1446522
2 113827845 0.026589192388726 rs1156701
2 113828099 0.0322464242803325 rs1867834
2 113828425 0.426520926946153 rs9308682
2 113828434 0.106903186463282 rs28928282
2 113828450 0.0920568082664553 rs10165797
2 113828578 0.0956443589566332 rs7570267
2 113828714 0.106903186463282 rs28928285
2 113829236 0.000337502105187515 rs4849147
2 113829522 0.409789943623501 rs4849148
2 113829709 6.91992835611726e-05 rs12711749
2 113829869 0.020476431365088 rs13019891
2 113830173 0.12277235341489 rs3811050
2 113830201 4.35949248571546e-05 rs3811051
2 113830563 6.7723847182257e-05 rs12469822
2 113830582 0.000205703904412209 rs4849150
2 113830626 0.142429589826532 rs4849151
2 113830688 0.00021366402003438 rs4145013
2 113830926 0.728421040948964 rs3811053
2 113830940 0.81083440538214 rs3811054
2 113830959 0.895865426374629 rs28928294
2 113831289 5.14156868394203e-06 rs3827763
2 113831945 0.20297049935499 rs3811058
2 113832312 3.80634531774095e-08 rs6761276
2 113832333 2.12097282158302e-07 rs6743376
2 113832981 0.034058151788595 rs13005572
2 113833538 0.719991705413655 rs11690459
2 113833570 0.0349519990472118 rs13011842
2 113834030 0.720071435795204 rs11123159
2 113834434 1.69778953445309e-08 rs12468224
2 113834739 0.194354628792466 rs28928309
2 113834820 9.11706319112516e-09 rs13386602
2 113834835 9.12757556672389e-09 rs13398125
2 113834885 9.08267284105662e-09 rs13389457
2 113835311 8.94506538644783e-09 rs11887823
2 113835319 9.09666550807956e-09 rs11891557
2 113835380 9.086145285558e-09 rs12711750
2 113835563 0.44784315943251 rs116196961
2 113835602 9.08320673112752e-09 rs11693750
2 113835603 9.08212946244625e-09 rs11677088
2 113835691 9.06807235469678e-09 rs11678375
2 113835908 8.86663816484646e-09 rs12477866
2 113835919 8.87043912220151e-09 rs12477867
2 113835999 8.87050685554403e-09 rs12466799
2 113836165 2.00462984390199e-09 rs11123160
2 113836348 8.86849655208213e-09 rs6759676
2 113836944 1.20100449750949e-05 rs10186133
2 113837116 0.189138440319615 rs56011414
2 113837416 5.99254937997639e-07 rs7574787
2 113837765 2.31257538850424e-05 rs12711751
2 113837840 4.04557440006695e-05 rs12711752
2 113838070 0.705047835315429 rs56060225
2 113838102 0.00720166112302883 rs13409360
2 113838145 0.00720463923828571 rs13409371
2 113838569 0.704493109626042 rs17042810
2 113838608 6.46654441424923e-05 rs10181720
2 113838628 6.44630212583829e-05 rs10184259
2 113838652 6.50830487324034e-05 rs10169599
2 113838725 0.032833308855858 rs55699240
2 113838813 0.704320845465499 rs72946783
2 113839151 0.140488332664116 rs1867829
2 113839155 0.0604913548726237 rs1867830
2 113839184 0.00460238185477822 rs34700180
2 113839286 0.172915246258566 rs4848314
2 113839397 0.704764704104286 rs60562399
2 113839492 0.70424979222314 rs72946788
2 113839856 0.0663481066802176 rs17611872
2 113839918 0.70424979222314 rs59032902
2 113840014 0.00464556539178685 rs13030546
2 113840058 0.0268978476520795 rs6743171
2 113840349 0.00464434164928579 rs72827886
2 113840443 0.0254966944386648 rs10188292
2 113840539 0.696635013068517 rs11899198
2 113840575 0.0255037862266622 rs10176274
2 113840791 5.20910385151086e-07 rs10199363
2 113841030 0.00152843199397562 rs6734238
2 113841515 0.0255037862266622 rs6722922
2 113841532 0.0255063287419566 rs6750559
2 113841782 0.000467769377869031 rs11687782
2 113841968 0.140397057936895 rs55932259
2 113842401 0.696677211554206 rs11684719
2 113842506 0.0255037862266622 rs13398728
2 113843283 0.0259620852622362 rs13410964
2 113843829 5.20885876515336e-07 rs4358126
2 113843969 5.92614244656225e-07 rs7578112
2 113844036 0.000419866100371543 rs7561598
2 113844110 0.00219971322745999 rs7575402
2 113844229 0.533577419442103 rs11891198
2 113844257 0.533577419442103 rs11886743
2 113844310 0.533577419442103 rs11893386
2 113844342 0.736539683279175 rs11886754
2 113844384 0.0360989616962307 rs6741180
2 113844475 0.024123989764283 rs4496335
2 113844518 0.533577419442103 rs55888413
2 113844553 0.000533814431182029 rs6731551
2 113844600 0.000533814431182029 rs6728590
2 113844786 0.00514783677403695 rs13027999
2 113844871 0.533577419442103 rs61546073
2 113844995 0.547921061103731 rs11684277
2 113845001 0.548150907271356 rs11683132
2 113845029 0.545951878291958 rs11677407
2 113845038 0.545967245401066 rs11684289
2 113845080 0.000533814431182029 rs4368340
2 113845191 0.533577419442103 rs11688270
2 113845236 0.533577419442103 rs11684371
2 113845505 0.130943698328912 rs66613854
2 113845547 0.0147227967485756 rs112418472
2 113845578 0.000533814431182029 rs11123161
2 113846738 0.035562443531184 rs12328766
2 113846794 0.533109658931171 rs72950839
2 113846975 5.6400526576422e-07 rs2121326
2 113847007 0.0354124268222697 rs12329129
2 113847144 0.035553149395088 rs12328368
2 113847237 0.113379968992861 rs66615594
2 113847287 0.0045653906800573 rs72827890
2 113847628 0.533344605260688 rs11681884
2 113847712 0.852384573346976 rs17669228
2 113848123 0.113379968992861 rs57130564
2 113848200 0.533415402909842 rs17042853
2 113848574 0.00222986152168552 rs4849152
2 113848654 0.014153313711404 rs4849153
2 113848923 0.696965196117577 rs60924024
2 113848961 0.0325935381856638 rs6730516
2 113849150 0.533344605260688 rs10185781
2 113849837 0.000517283450385029 rs1542176
2 113849986 0.113379968992861 rs12475887
2 113850114 0.0209059078552728 rs11123162
2 113850262 0.035543287790953 rs7587033
2 113850326 0.533415402909842 rs11686467
2 113850327 0.00215694779937634 rs7559656
2 113850429 0.533435684903111 rs11686511
2 113850653 5.68676786735794e-07 rs11693683
2 113850792 0.0355456413197446 rs6738239
2 113850902 0.000516949680758384 rs6738377
2 113851159 0.0355456413197446 rs1446509
2 113851439 0.533267798211109 rs11897481
2 113851517 0.0355183128507263 rs1446510
2 113852193 0.696949401499495 rs2121327
2 113852338 5.77506446723383e-07 rs1665186
2 113852564 0.105367796441585 rs13424580
2 113852629 0.533442405483655 rs2121329
2 113852748 5.77234914102525e-07 rs113723100
2 113852789 5.65803592178331e-07 rs1665188
2 113852913 0.696658351595575 rs112189581
2 113853350 0.110578857618193 rs1665189
2 113853381 0.0601319610636844 rs9973741
2 113853893 0.696649865975678 rs56948778
2 113854016 0.696976772175887 rs60981695
2 113854120 0.0601319610636844 rs6746979
2 113854720 0.0173708583325338 rs2087705
2 113854843 0.0601319610636844 rs7596350
2 113854905 0.533350011374782 rs13432148
2 113855124 0.533313567200874 rs72950861
2 113855224 0.129678608393333 rs113369144
2 113855406 0.533511376558522 rs13410552
2 113855478 7.11655345845485e-07 rs1688077
2 113855529 0.00141068575710265 rs4575729
2 113855635 0.100580942786609 rs55896126
2 113855774 0.0790568374641103 rs1618084
2 113855863 5.85043233453479e-07 rs1618889
2 113857606 0.0798785643694645 rs62158848
2 113857726 0.00449409477111159 rs112534387
2 113857964 5.85043233453479e-07 rs67213447
2 113858196 0.0790568374641103 rs1688075
2 113858495 0.0790453765109847 rs1688076
2 113858601 0.00751709874132284 rs72827900
2 113858671 0.696013239525884 rs72950867
2 113858777 0.695964385254773 rs73955148
2 113858857 0.00449621277586329 rs34720511
2 113859366 0.696013239525884 rs60341065
2 113859634 0.696013239525884 rs58187820
2 113859761 0.0570265014143835 rs7574159
2 113859846 0.696012679438171 rs58036696
2 113859919 0.00449647608309916 rs35998927
2 113860038 0.0570053379421697 rs7574427
2 113860196 0.0740922687615896 rs1794071
2 113860310 0.535003917280184 rs13390577
2 113860404 0.698278345815713 rs58922543
2 113860861 0.00141285211385532 rs10207930
2 113861225 0.698229502586131 rs73955151
2 113861396 0.00141341277613177 rs13394316
2 113861561 0.535137201522649 rs13406085
2 113862173 0.695591254023692 rs17042888
2 113862647 5.85091025698146e-07 rs315922
2 113863536 0.0590712137984845 rs13382561
2 113863771 0.00135295022287912 rs2029582
2 113864010 0.0571154168187609 rs17207494
2 113864505 5.19408503627012e-07 rs315923
2 113864514 5.84690209151837e-07 rs315924
2 113864920 0.550494548107875 rs7561080
2 113865367 0.074369589378668 rs315925
2 113865414 0.0606647573791807 rs28648961
2 113865808 0.00670535266739341 rs11677140
2 113865834 0.0763396872260534 rs10171849
2 113866017 0.119184609492631 rs315926
2 113866369 0.18275003795627 rs315927
2 113866525 0.255347829028727 rs13404928
2 113866854 0.10176541846821 rs7580634
2 113867288 0.0112952861665854 rs55709272
2 113867923 0.338987631170073 rs72950883
2 113867956 0.339172965922388 rs17042905
2 113868263 6.77759351232045e-07 rs315928
2 113868990 0.0296982031864314 rs56341434
2 113869233 0.0467123789793677 rs58965312
2 113869347 6.86884548085482e-07 rs1688072
2 113869407 0.0757494855231371 rs315929
2 113869554 0.2141449623486 rs315930
2 113869566 0.189723105162319 rs62158853
2 113869569 0.339004431953416 rs58153729
2 113869803 0.22099393450397 rs1630153
2 113869843 0.230047068745152 rs315931
2 113869977 0.0761091167200271 rs315932
2 113869999 0.0881014914959961 rs315933
2 113870101 0.00896884030182389 rs72950891
2 113870663 0.341479530399871 rs17042917
2 113870725 0.182274033273106 rs62158854
2 113871806 0.697468007177223 rs17486819
2 113872051 5.14436529070867e-07 rs315921
2 113872238 0.00679103846127692 rs6723639
2 113873018 5.39054519305093e-08 rs315920
2 113874467 0.0488756676473141 rs4251961
2 113874968 0.0473478344808275 rs4251967
2 113875081 0.0480609987070145 rs11677397
2 113875217 0.0461922485869122 rs4251968
2 113875428 0.0461570745839998 rs2234676
2 113875509 0.048016117880087 rs2234677
2 113875565 0.0480217101407718 rs2234678
2 113875584 0.0462045584051729 rs2234679
2 113875631 0.0462162007959793 rs16065
2 113875753 0.0462138662064231 rs4251969
2 113875773 0.0462149999565432 rs4251970
2 113876078 0.0462184841737319 rs4251974
2 113876160 0.0462236320011563 rs4251975
2 113876180 0.0461761599742707 rs4251976
2 113876213 0.0349716611999168 rs315919
2 113876425 0.0462003960786124 rs4251977
2 113876488 0.0458896270979796 rs4251978
2 113876498 0.0507280755107672 rs4251979
2 113876539 0.05117506023927 rs4251980
2 113876702 0.0511994626671759 rs4251981
2 113876779 0.0486081719055659 rs2637988
2 113877019 0.0511817290966326 rs4251983
2 113877023 0.0486330029983147 rs2592346
2 113877226 0.0509965597092559 rs4251984
2 113877413 0.0465923432492889 rs4251985
2 113877495 0.321188969345915 rs928940
2 113877538 0.0511455096303957 rs4251986
2 113877713 0.0510846573746332 rs878972
2 113879297 0.3678963207625 rs3213448
2 113879733 0.0487002499448796 rs1794065
2 113880049 0.367858391952483 rs4251991
2 113880292 0.0535555673291638 rs2853628
2 113880493 0.367828305371476 rs4251993
2 113880947 0.0221086152108958 rs315936
2 113883683 0.369159047833223 rs4252001
2 113883706 1.33260574080362e-08 rs315934
2 113884195 0.0475225069974901 rs392503
2 113884202 0.369211724776167 rs3087262
2 113884401 0.0199109380638539 rs439154
2 113885768 0.0129534996342372 rs3087263
2 113885826 0.0472689665761506 rs444413
2 113886049 0.364037878255834 rs3181052
2 113886350 0.0233651659250765 rs1794066
2 113886384 0.0492359385075619 rs1794067
2 113886503 0.0472620649219795 rs1794068
2 113886775 0.0199337032466327 rs1665190
2 113887207 0.0483459721099998 rs419598
2 113887262 0.0483459721099998 rs423904
2 113887273 0.0464054950309104 rs446433
2 113887294 0.0464054950309104 rs495282
2 113887335 0.549901725824889 rs2232354
2 113887338 0.0464039102918504 rs495410
2 113887399 0.0463846102899826 rs442710
2 113887458 0.0463823174406909 rs408392
2 113887483 0.368796272066031 rs2071459
2 113887672 0.0463846102899826 rs447713
2 113887803 0.0463774998468048 rs128964
2 113888465 0.0440309119195425 rs448341
2 113888470 0.0440788137017725 rs434792
2 113888557 0.0885651469986022 rs451578
2 113888579 0.0588338340857556 rs432014
2 113888793 0.0437352434755951 rs454078
2 113888900 0.266024668139753 rs380092
2 113889006 0.0564530774908882 rs431726
2 113889061 0.0191229604940768 rs452204
2 113889100 0.0158733775046625 rs3087266
2 113889119 0.0155041256729949 rs4252019
2 113889134 0.0155627104024352 rs973635
2 113889469 0.0188373127421799 rs440286
2 113889631 0.0405815798495968 rs579543
2 113890003 0.14277497314278 rs315953
2 113890304 0.208978077494677 rs315952
2 113890586 0.193026075338038 rs315951
2 113891412 0.1549779125055 rs9005
2 113891775 0.128486354284603 rs396201
2 113892141 0.143298166878937 rs397211
2 113892524 0.151303726309484 rs4252042
2 113892774 0.522942826516605 rs315949
2 113893256 0.0126463092849811 rs315948
2 113893308 0.143451915204639 rs3087270
2 113893839 0.176654771072451 rs315947
2 113893864 0.00747390562339981 rs315946
2 113894126 0.176717577918101 rs315945
2 113894192 0.143866299523735 rs3181059
2 113894338 0.457517620448793 rs315943
2 113894976 0.169134909481372 rs62161280
2 113895079 0.240416369171604 rs74667587
2 113895145 0.439319386080846 rs315942
2 113895200 0.0256119426281442 rs3087271
2 113895516 0.471991056383662 rs2902452
2 113896203 0.244320084983103 rs80339253
2 113896213 0.374471264142822 rs6754298
2 113897295 0.164981387819567 rs80059250
2 113897647 0.756703931169776 rs55714813
2 113897672 0.0245707120644283 rs62161283
2 113897953 0.0201227609687524 rs2921717
2 113898061 0.488172920450564 rs3099478
2 113898526 0.0132488629234355 rs55877563
2 113898789 0.414707039354091 rs1374281
2 113899025 0.384288546927123 rs895496
2 113899758 0.4442639867832 rs895495
