chr bp p rsid
22 39500264 0.368855205412565 rs6001436
22 39500282 0.500096503024464 rs5995674
22 39500932 0.500144982438108 rs139318
22 39501044 0.499793962809825 rs139319
22 39501242 0.513141907404615 rs139321
22 39501285 0.500102019974182 rs139322
22 39501478 0.500140928571445 rs139323
22 39501819 0.965087656369085 rs62228281
22 39501823 0.50016656826816 rs139324
22 39502135 0.500477866705918 rs139325
22 39502172 0.500230379711822 rs139326
22 39502189 0.504439831198355 rs139327
22 39502695 0.499608920884383 rs139328
22 39503849 0.359666914556886 rs139330
22 39503968 0.258213867289395 rs9622935
22 39504405 0.368899724384525 rs139331
22 39504602 0.412418132578264 rs139332
22 39505232 0.413154471518014 rs139334
22 39505393 0.349233215291706 rs139336
22 39505461 0.376169601701248 rs139337
22 39505472 0.378074508233535 rs139338
22 39505581 0.376572494972748 rs139339
22 39505609 0.376497170637369 rs139340
22 39506202 0.207453816518577 rs59728386
22 39506582 0.278835758940121 rs2092409
22 39506976 0.155296533831471 rs6001442
22 39507479 0.097943264412484 rs56105589
22 39507512 0.151894678812003 rs6001443
22 39507583 0.532921769522836 rs139341
22 39507654 0.661763672083274 rs139342
22 39507685 0.661675269682125 rs139343
22 39507733 0.414213718290562 rs139344
22 39507832 0.414681065155795 rs139346
22 39507863 0.258166753353116 rs35254978
22 39507887 0.678220260764283 rs139347
22 39507896 0.678048482211575 rs139348
22 39507920 0.07788513245596 rs35764429
22 39508150 0.557597066619975 rs139352
22 39508208 0.557576090022837 rs139353
22 39508327 0.557581938424076 rs139354
22 39509159 0.0851484333696175 rs8135095
22 39509587 0.0959617873124143 rs76500409
22 39510861 0.0541204515734427 rs1807586
22 39510995 0.0691755132723298 rs738469
22 39512165 0.0959333657524194 rs56277322
22 39512205 0.095934032563196 rs78521561
22 39512415 0.09605092155918 rs56347445
22 39512475 0.403660956151404 rs139357
22 39512522 0.0961328403040713 rs56135326
22 39512571 0.0852512817886518 rs56075836
22 39512611 0.0959827381345534 rs60597135
22 39513123 0.0904117760622261 rs8137055
22 39513530 0.260602857448392 rs139358
22 39514688 0.412439912882824 rs139360
22 39515798 0.427535727407477 rs139362
22 39516183 0.442191598345267 rs139363
22 39516243 0.202108860864534 rs17000762
22 39516515 0.470165258161936 rs139364
22 39518013 0.677081542656702 rs139365
22 39518315 0.633687382709769 rs139367
22 39518325 0.635223242610994 rs139368
22 39519050 0.60928815964981 rs139370
22 39519196 0.651979224897868 rs139371
22 39519411 0.661012221915476 rs73161593
22 39519780 0.847840210861857 rs139372
22 39520396 0.535607758255989 rs10427883
22 39520815 0.644429146722853 rs4821867
22 39522488 0.535676870403356 rs139374
22 39522665 0.549318775720819 rs139375
22 39522940 0.371198412086677 rs79501
22 39523902 0.378333299078916 rs5757490
22 39524131 0.830128195139748 rs139376
22 39525436 0.157545864153155 rs13054347
22 39525791 0.514684880379675 rs139379
22 39525880 0.553354819041667 rs78188275
22 39526070 0.35761680276449 rs5757491
22 39526174 0.573637444672456 rs139380
22 39526296 0.577889512275345 rs139381
22 39527583 0.56922024542638 rs57091202
22 39527790 0.552336048579759 rs710190
22 39527797 0.207602392688695 rs12166266
22 39527814 0.565622809341112 rs710191
22 39527909 0.565266166118003 rs139383
22 39527935 0.566562675965314 rs139384
22 39528440 0.552279430747783 rs79503
22 39528506 0.273870292479397 rs5750753
22 39529029 0.552821958432989 rs713841
22 39529133 0.272638718380588 rs4820369
22 39529429 0.205423382671659 rs11089928
22 39529651 0.274032759263614 rs12169578
22 39530132 0.544560253189314 rs139385
22 39530859 0.560287840384832 rs139386
22 39531085 0.563077496493844 rs139387
22 39531732 0.529320301429701 rs139388
22 39531955 0.562933273488407 rs139389
22 39532420 0.529483409261386 rs713909
22 39532518 0.213124042829226 rs67693995
22 39532554 0.563025021543673 rs714016
22 39532853 0.563250806436072 rs139390
22 39533272 0.562997365391398 rs714013
22 39535208 0.272773555721743 rs5757494
22 39535595 0.272040684846985 rs12170696
22 39535792 0.281058635493674 rs5757495
22 39536289 0.272902828579659 rs4821869
22 39537168 0.273091526758627 rs2076476
22 39537872 0.273043500567801 rs9622960
22 39537932 0.565434776117109 rs139393
22 39538214 0.565576706745059 rs139394
22 39538332 0.272887143755956 rs9611099
22 39538433 0.489100320621368 rs139395
22 39538485 0.524120030634825 rs139396
22 39539268 0.272811322927272 rs5750754
22 39539373 0.273105373798685 rs9622962
22 39540527 0.28785560640977 rs56383137
22 39541014 0.287929779244922 rs12165612
22 39541143 0.274092028253817 rs5750755
22 39542292 0.536671212283378 rs877529
22 39542392 0.28785560640977 rs9622963
22 39542894 0.274353687903043 rs2281258
22 39543000 0.286573743857216 rs73884827
22 39543135 0.273808629228734 rs2143365
22 39543371 0.57324312966226 rs139397
22 39544294 0.273368128807798 rs2235686
22 39544970 0.565038672235588 rs139398
22 39545396 0.566771809669508 rs139400
22 39546074 0.536547935361081 rs139401
22 39546145 0.537820923506765 rs139402
22 39547021 0.566720309771342 rs139403
22 39547201 0.536547935361081 rs139404
22 39547427 0.318351955792792 rs10439918
22 39547687 0.316105252697902 rs59851943
22 39547962 0.566700531628585 rs6001455
22 39548027 0.536592342247697 rs5995688
22 39549173 0.274164725042144 rs56806944
22 39549333 0.274164725042144 rs56821694
22 39549426 0.552267605781378 rs12158877
22 39549526 0.566589925907339 rs139405
22 39551555 0.570015673817692 rs79504
22 39551567 0.557563683817722 rs79505
22 39551628 0.558388319221957 rs79506
22 39551798 0.55080088257411 rs139406
22 39551989 0.292125293607391 rs12169390
22 39552075 0.54991353327081 rs139407
22 39552509 0.57093687894308 rs139408
22 39552597 0.54984854839782 rs139410
22 39552888 0.549898914005585 rs139411
22 39553003 0.552793030278331 rs139412
22 39553330 0.284219113279282 rs113694472
22 39553772 0.496648517196178 rs139413
22 39553819 0.549903688966534 rs139414
22 39554749 0.574395977411251 rs139416
22 39556856 0.288397020286292 rs5757500
22 39557162 0.579878129092062 rs139418
22 39557340 0.578968826167711 rs139419
22 39557414 0.351694716160519 rs139420
22 39557596 0.580898882181365 rs139421
22 39557612 0.538835625869351 rs139422
22 39557730 0.56427461270557 rs139423
22 39558919 0.109775662168326 rs5757501
22 39559298 0.568270856874907 rs139424
22 39559466 0.111801244139499 rs59329046
22 39559742 0.536428649756927 rs139425
22 39560340 0.287562511823839 rs75452534
22 39560666 0.264970206829754 rs139426
22 39560753 0.1460439165332 rs60044379
22 39561479 0.246094435113628 rs5995689
22 39561528 0.129248061067806 rs5750758
22 39561707 0.011315669574791 rs5757502
22 39561744 0.133644800205415 rs5750759
22 39561904 0.0433088827732973 rs5757504
22 39562202 0.134026379251227 rs5757505
22 39563208 0.209582813420601 rs2092410
22 39565241 0.769084216933622 rs5757507
22 39565896 0.802705302510827 rs1003991
22 39566187 0.171438206363628 rs7287790
22 39566243 0.25253214988396 rs73884850
22 39566468 0.252828708148589 rs73884851
22 39566559 0.252491518820967 rs79627873
22 39566626 0.149774068681415 rs7287349
22 39566728 0.136835953777323 rs113828830
22 39566831 0.250568256225304 rs11912469
22 39566841 0.149239024911522 rs9306333
22 39566929 0.247719460025363 rs11912459
22 39566985 0.19708504122298 rs11089929
22 39567613 0.232678852664251 rs59517128
22 39567789 0.126223618628487 rs113174646
22 39567910 0.230672345475723 rs58078575
22 39568286 0.109305174279171 rs6001466
22 39568585 0.259101676903346 rs7288775
22 39568591 0.259101676903346 rs7288539
22 39568672 0.12631836535905 rs7288922
22 39568771 0.249597212650284 rs7288822
22 39568926 0.189585136405081 rs7290094
22 39568995 0.231130088055928 rs12171114
22 39569150 0.0854856575816939 rs12171203
22 39569301 0.126100538286602 rs75828953
22 39569475 0.859838237271728 rs6001470
22 39569500 0.10340119458658 rs17000815
22 39570168 0.335142053700054 rs73884852
22 39570230 0.164640619707051 rs113314301
22 39570404 0.105040085271057 rs17000818
22 39570442 0.105235003541982 rs17000822
22 39570914 0.158424426662431 rs78589487
22 39571434 0.956595431974638 rs926544
22 39572567 0.0721748227961796 rs6001473
22 39572598 0.145798002771913 rs76152274
22 39572650 0.305287333423331 rs5995691
22 39572889 0.153986965874007 rs76418186
22 39572958 0.310799322970858 rs17000830
22 39573196 0.15354260967129 rs111303799
22 39573724 0.284370017304072 rs7287160
22 39574165 0.358177852012925 rs12170725
22 39575221 0.952797258746791 rs12627955
22 39575322 0.703916140958314 rs5757510
22 39575692 0.631752902452354 rs5750761
22 39575848 0.630506252869841 rs12166894
22 39575873 0.234718465089156 rs34379659
22 39577089 0.604244367762632 rs62228308
22 39577120 0.923619724004765 rs112990358
22 39577285 0.496836542850236 rs13053430
22 39577809 0.471837983612593 rs62228309
22 39577898 0.711102705414245 rs6001478
22 39579449 0.690532978987844 rs9622966
22 39581215 0.915588488204325 rs76154187
22 39581277 0.438792050006745 rs738470
22 39582311 0.339706621095146 rs5750762
22 39582340 0.485623581191439 rs55781028
22 39582509 0.339034667005241 rs5750763
22 39582668 0.134472787194094 rs5995693
22 39583762 0.523428566682179 rs7511618
22 39583804 0.523756729300105 rs112437977
22 39583854 0.523300811027102 rs76637764
22 39584085 0.523194039710084 rs4546091
22 39584185 0.522849683429611 rs4438592
22 39584246 0.522942508800344 rs4547628
22 39584297 0.523023711270716 rs62228312
22 39584305 0.588151908259772 rs4389411
22 39584437 0.473145258082282 rs2413573
22 39584446 0.870581507411438 rs7289146
22 39584652 0.480133656914694 rs2103672
22 39584758 0.43104607646093 rs1807587
22 39584865 0.522902575062421 rs1807588
22 39585120 0.523316334081911 rs738471
22 39585424 0.690801035789293 rs5750764
22 39585922 0.549109068442605 rs17302926
22 39586097 0.522322815577489 rs17394169
22 39586248 0.519119437015429 rs17394203
22 39586332 0.518582356258637 rs17394224
22 39586379 0.520818590603202 rs17303024
22 39586508 0.520512019901145 rs62228314
22 39586561 0.519471523677938 rs62228315
22 39586579 0.529911647189825 rs79238994
22 39586580 0.518940314589801 rs77533948
22 39586780 0.538727994689144 rs62228316
22 39587480 0.538138509761031 rs62228317
22 39587976 0.844703900430731 rs77578988
22 39588090 0.845293319770688 rs112034868
22 39588460 0.38806880923012 rs62228318
22 39588462 0.490447510627731 rs76864347
22 39589127 0.397374162222588 rs62228319
22 39589352 0.423409914665257 rs5995694
22 39589792 0.39721500549711 rs111402515
22 39589930 0.169158415267894 rs5750766
22 39589976 0.00850132903025805 rs5757515
22 39590080 0.00850640701066793 rs5757516
22 39590100 0.00849627312661239 rs5750767
22 39590317 0.00849720020520235 rs35884973
22 39590330 0.00849720020520235 rs62228320
22 39590385 0.00850733207665115 rs6001483
22 39590531 0.00851076298478685 rs2413574
22 39590621 0.00850493750583828 rs2899314
22 39590653 0.00850092369448355 rs4293644
22 39590754 0.00850092369448355 rs4258897
22 39590886 0.00851882953920711 rs4473495
22 39590915 0.18762172126282 rs4420796
22 39591241 0.00852217788579531 rs5757522
22 39591402 0.00852217788579531 rs5757523
22 39591922 0.00853365607612868 rs12484357
22 39591998 0.00853365607612868 rs5757524
22 39592109 0.00853562414489615 rs5757525
22 39592131 0.168726752980757 rs5757526
22 39592181 0.0716118258317778 rs5750769
22 39592254 0.00853679646842287 rs5757527
22 39592281 0.00853679646842287 rs5757528
22 39592304 0.00853679646842287 rs5757529
22 39592628 0.807642347612872 rs112577309
22 39592832 0.00851272671163612 rs5757530
22 39592838 0.807547676512486 rs112245779
22 39592974 0.867554175443764 rs12170488
22 39593095 0.00851993088939662 rs5757532
22 39594580 0.388923342826182 rs6001490
22 39594740 0.00953693546285935 rs6001491
22 39595018 0.0084485701081278 rs5757533
22 39595062 0.00845186831951002 rs5757534
22 39595152 0.00844460562676648 rs5757535
22 39595160 0.00844460562676648 rs5757536
22 39595213 0.00844342122377549 rs5757537
22 39595868 0.00843193194603454 rs5995695
22 39596026 0.00827796257341902 rs10854718
22 39596289 0.389298648749404 rs62228334
22 39596349 0.00827768871302382 rs10775749
22 39596634 0.00814836229163879 rs5757538
22 39596704 0.00831154106219545 rs5757539
22 39597239 0.0234136745856561 rs5995696
22 39597338 0.00782586586890136 rs5757542
22 39597381 0.00790257728867219 rs5995697
22 39597438 0.00858836661348179 rs5757543
22 39597465 0.00850899777926405 rs5757544
22 39597488 0.0085757812521775 rs5757545
22 39597642 0.862825550663289 rs79576515
22 39597742 0.796969054687646 rs55832739
22 39599301 0.799535876677129 rs2064309
22 39599745 0.00271438184842661 rs5757546
22 39599944 0.00274320555529077 rs5757547
22 39600109 0.148843030696901 rs5757548
22 39600479 0.858402140825341 rs4821871
22 39600651 0.858077585705384 rs4821872
22 39601219 0.011928384452865 rs5757550
22 39601380 0.0119751864603666 rs5757551
22 39601404 0.761403318350215 rs77379297
22 39601466 0.0119342850840898 rs5757552
22 39601575 0.0119396118272796 rs6001494
22 39601697 0.0120969529520976 rs1569646
22 39601811 0.0112521320176877 rs1569647
22 39601860 0.0112509643256363 rs1569648
22 39602038 0.0112478169337932 rs2413575
22 39602134 0.0112478169337932 rs2413576
22 39602321 0.0112410134568624 rs2413579
22 39602436 0.0112537428397033 rs2413580
22 39602518 0.0110158107665897 rs742502
22 39602968 0.01185821953681 rs5750772
22 39603384 0.0113525745137947 rs13058433
22 39603929 0.0114691945959395 rs5757556
22 39604438 0.0110281623773148 rs713980
22 39604442 0.0110321941752603 rs713981
22 39604499 0.0110296862898809 rs738468
22 39604799 0.00665220510021899 rs2006007
22 39604847 0.0066494411689643 rs5757557
22 39604906 0.00664713249516836 rs2006008
22 39605007 0.00592181811809979 rs2413581
22 39605158 0.271760092176228 rs5757558
22 39605290 0.279218500252662 rs2050142
22 39605400 0.0066496609029133 rs909956
22 39605749 0.27835208983794 rs2050143
22 39605755 0.82008793135381 rs56310790
22 39606071 0.320664675749544 rs5757559
22 39606318 0.27835208983794 rs5757560
22 39606445 0.27835208983794 rs12162663
22 39606485 0.27835208983794 rs12162673
22 39606501 0.27835208983794 rs12162740
22 39606694 0.27835208983794 rs6001497
22 39607034 0.65794265220693 rs56059801
22 39607075 0.277306373431623 rs5750775
22 39607133 0.27835208983794 rs6001500
22 39608080 0.329492704910194 rs12484719
22 39608193 0.278349442514604 rs12484710
22 39608298 0.278528611831499 rs7286961
22 39608300 0.278528611831499 rs7286712
22 39608472 0.275492060105167 rs5757561
22 39608658 0.275407985800692 rs5757562
22 39608704 0.275615644863943 rs5757563
22 39608733 0.275615644863943 rs5750776
22 39608807 0.275711267851809 rs5757564
22 39608904 0.275615644863943 rs5757565
22 39608997 0.275711267851809 rs5757566
22 39609009 0.644277848536362 rs130660
22 39609131 0.575100030669398 rs75132039
22 39609515 0.316154423503792 rs12485173
22 39609532 0.627891539531156 rs135177
22 39609751 0.00692344352192296 rs130659
22 39610439 0.205551342682749 rs130658
22 39610647 0.00624544911343014 rs130657
22 39611453 0.0068648768774367 rs135176
22 39612084 0.619841077132176 rs135175
22 39612517 0.324491070959549 rs5750777
22 39612699 0.00708417057677473 rs130655
22 39615121 0.152634530790108 rs75279419
22 39615317 0.604403736399492 rs2040399
22 39615960 0.150425098555365 rs12484319
22 39616878 0.814684921333229 rs116540704
22 39617702 0.00759112635820634 rs6001508
22 39617876 0.00809376867087792 rs9607623
22 39618025 0.153280545528837 rs77876076
22 39622058 0.00507145200603282 rs2285099
22 39622334 0.00375922967317359 rs2285097
22 39622390 0.00376845469423601 rs2285096
22 39622541 0.00378143816221737 rs2285095
22 39622560 0.00377542167358444 rs2285094
22 39622711 0.00378149919294995 rs4990914
22 39622712 0.00378149919294995 rs4990915
22 39622836 0.00364560863847678 rs4990916
22 39622837 0.00364871025286548 rs4990917
22 39622939 0.00376619659731035 rs4990918
22 39622940 0.0305904325804136 rs4990919
22 39622986 0.0319075707295665 rs4990920
22 39622991 0.00377093471214565 rs4990921
22 39623113 0.00376613852923831 rs4990922
22 39623389 0.00543789781555195 rs2003809
22 39623725 0.0820690037376934 rs4416326
22 39623779 0.00368557227557331 rs9611115
22 39623812 0.00368780255834388 rs9607624
22 39624052 0.00369242903992298 rs9611116
22 39624105 0.00355899616111774 rs9611117
22 39624212 0.00368760455043411 rs9611118
22 39624238 0.081780087653001 rs5757570
22 39624248 0.00368722215785389 rs9611119
22 39624498 0.00368618626624989 rs9611120
22 39625068 0.00368213722428338 rs9622978
22 39625221 0.00368662677943802 rs9611122
22 39625320 0.00367939011064004 rs9611123
22 39625676 0.00313945463297525 rs2285100
22 39626024 0.0037297121022988 rs2239769
22 39626375 0.311649883989566 rs4821874
22 39626419 0.0038192282953479 rs2239768
22 39626823 0.00357981434336343 rs4821875
22 39626926 0.00375189587148589 rs4821876
22 39629096 0.180558224568775 rs4821877
22 39629329 0.452272912113139 rs11704525
22 39630287 0.019402031754849 rs2247128
22 39631547 0.173749643886187 rs879180
22 39631768 0.279235888448474 rs17303681
22 39631963 0.4073613331315 rs56180415
22 39632523 0.407710412183099 rs6001512
22 39632920 0.000546779751198511 rs5757572
22 39633622 0.000388287914243382 rs5757573
22 39633749 0.125168096374831 rs2267406
22 39634434 0.00260495622392573 rs5750781
22 39634444 0.359984703096073 rs71319025
22 39634923 0.00422904967251666 rs5750782
22 39636586 0.00605451486321464 rs2857402
22 39639853 0.00455161539986872 rs1800817
22 39640703 0.000921518091968017 rs1800818
22 39642577 0.0181560883556825 rs7289325
22 39642654 0.00441944670426324 rs130654
22 39642694 0.0181389489904685 rs5757577
22 39642740 0.114907781590928 rs130653
22 39644203 0.368503993618711 rs6001516
22 39644273 0.0341406653177683 rs130651
22 39644522 0.50396079933453 rs130650
22 39645139 0.384939036364297 rs35235663
22 39645316 0.0668113696063365 rs130649
22 39646201 0.0672459852818427 rs135173
22 39646737 0.37003986471698 rs13058589
22 39647090 0.000579816290175916 rs59744664
22 39647168 0.0529641519122794 rs77516118
22 39647441 0.413950853954302 rs12159953
22 39647446 0.413619312406804 rs35468424
22 39647580 0.00389825692147753 rs9607627
22 39648097 0.000732743110676813 rs11705523
22 39649903 0.413473706101256 rs35243573
22 39650957 0.435339259455651 rs13054313
22 39651481 0.41231542638445 rs35131934
22 39651767 0.412156341189141 rs34057721
22 39654142 0.160630625234881 rs12483986
22 39656622 0.575945261255851 rs36069260
22 39656623 0.31205080238511 rs35294961
22 39657004 0.117778961894361 rs34435958
22 39658542 0.382292562739008 rs7290087
22 39658626 0.0233652727136802 rs5757580
22 39658704 0.781285466537426 rs9622983
22 39658958 0.32198727641322 rs9611130
22 39659088 0.00126286222270192 rs4820371
22 39659487 0.226402517859733 rs742402
22 39659773 0.000561360987491628 rs2413583
22 39660028 0.662884012924732 rs760984
22 39660061 0.662552613957497 rs9622986
22 39660190 0.072733064008997 rs742403
22 39660829 0.000578608151497568 rs2143178
22 39661032 0.285586587686055 rs5757582
22 39661894 0.66190696853134 rs17304103
22 39662480 0.00059200479408263 rs9611131
22 39662550 5.56652842978772e-11 rs5757584
22 39662703 0.0807493525911911 rs11089938
22 39663066 0.00103064083131615 rs4820372
22 39663185 2.48440505738041e-06 rs5757585
22 39663513 3.32536121111437e-09 rs5757587
22 39664180 3.35095032839646e-09 rs5750784
22 39664833 0.00074649965319301 rs9611133
22 39665142 3.28706573927508e-09 rs1569495
22 39665201 0.0297168916658063 rs1569496
22 39665314 0.396736092452204 rs137576
22 39665395 0.0345723624502869 rs1569497
22 39666004 0.000772254003455168 rs9611134
22 39666640 0.00491037629037025 rs84488
22 39667490 0.0356279812572591 rs34101548
22 39668258 0.139131526525466 rs137578
22 39668353 0.0679660407585811 rs5757589
22 39668409 3.17187913697807e-09 rs5757590
22 39668811 0.0698787347367636 rs5757592
22 39668922 0.0263115227707614 rs5757593
22 39668961 0.0692767418281471 rs5757596
22 39670181 1.71646532986233e-05 rs5757599
22 39670851 3.39017346233326e-09 rs968451
22 39670854 0.00100462191587782 rs9607629
22 39671141 3.39930699240182e-09 rs5750785
22 39671459 0.0701728219840742 rs5757600
22 39671534 3.4073436390885e-09 rs5757601
22 39672029 0.33774366277903 rs470074
22 39672130 0.618836577431494 rs35381944
22 39673013 0.0224421899236651 rs5757602
22 39673421 0.000373080043298308 rs932329
22 39675770 9.5501195179518e-06 rs1007117
22 39676494 7.99508031852111e-07 rs1003643
22 39676744 7.52892861278132e-07 rs1003644
22 39677128 7.92383113674527e-07 rs5757603
22 39677741 0.686795348655183 rs137580
22 39677838 0.346091100462645 rs137581
22 39678312 0.0186462985197026 rs1985378
22 39680187 3.08783908300786e-08 rs17000962
22 39680382 0.558319651372011 rs137582
22 39680957 4.95326499796832e-06 rs11089939
22 39681436 0.21128778745833 rs126228
22 39682445 0.305330663953869 rs9611137
22 39683444 0.17168741749043 rs137585
22 39683515 5.10086062971237e-06 rs1569500
22 39683534 5.09259211755232e-06 rs1569501
22 39683700 0.782475107417983 rs137586
22 39684281 0.782453718757632 rs137588
22 39685043 0.916394504014148 rs137589
22 39685077 0.180312951074641 rs137590
22 39685450 0.185272395821385 rs137591
22 39685832 0.835750760098805 rs79290
22 39686806 0.405528716847953 rs470075
22 39687054 0.77729729584775 rs470076
22 39687484 0.840085086380841 rs54211
22 39689248 0.704837060350309 rs137592
22 39690021 0.158853411243079 rs137593
22 39690791 0.00554067775843895 rs17304621
22 39691221 0.00945222137324231 rs137594
22 39691449 0.757171049142615 rs137595
22 39691893 0.757185512514316 rs137598
22 39692092 0.30862967174473 rs6001530
22 39692309 0.804917523789286 rs137600
22 39692407 0.97055964871638 rs66483608
22 39692875 0.971970391596912 rs56077422
22 39693408 0.160463851533226 rs137602
22 39693518 7.65722824305535e-08 rs12628705
22 39694125 0.308706471765467 rs9611138
22 39694225 0.149991396438451 rs137603
22 39694594 0.149799506921089 rs137604
22 39694622 0.721320446437756 rs5757608
22 39695132 0.256821895641316 rs76002309
22 39695181 0.187805691870413 rs137606
22 39695505 0.187785259367317 rs137607
22 39696043 0.808274421682856 rs35543144
22 39696129 0.623840261657391 rs470078
22 39696482 0.00691678256228937 rs76449672
22 39696638 0.00696774258519274 rs79605405
22 39696834 2.47796287153198e-07 rs11704615
22 39696887 0.736602403032878 rs137608
22 39697012 0.78702841737802 rs137609
22 39697458 2.35747099788392e-07 rs57078777
22 39697793 0.735943220766542 rs137610
22 39697855 0.73598038606066 rs137611
22 39697864 0.270396142691584 rs12160825
22 39697969 0.270518674688564 rs12157727
22 39698010 0.187697512678376 rs137612
22 39698915 2.45359474027299e-07 rs11703434
22 39699048 0.736989770224177 rs137614
22 39699788 0.187585133959232 rs137615
22 39700758 0.006977121927496 rs17000979
22 39700994 2.47913993810781e-07 rs11704385
22 39701097 2.47716769438326e-07 rs62228376
22 39701703 2.46403918380812e-07 rs62228377
22 39701795 2.30276669340908e-07 rs62228378
22 39702473 1.8206578967151e-07 rs971964
22 39703883 0.187690182707864 rs137616
22 39703918 0.270398074510533 rs9611140
22 39704164 0.187598659537658 rs137617
22 39705104 0.00719528858685548 rs137618
22 39706360 0.40272554639847 rs137619
22 39707230 0.257078526771513 rs9611142
22 39707549 0.727010291468834 rs126229
22 39707845 2.88936090473887e-07 rs5757609
22 39707979 2.88936090473887e-07 rs5757610
22 39708017 0.00706554647565882 rs17000981
22 39708279 0.860340264195349 rs6519183
22 39708333 0.190112391629123 rs470079
22 39708357 2.10450166448265e-07 rs5757611
22 39709009 0.000126600758918762 rs2014842
22 39709776 0.401701500837119 rs137620
22 39710244 0.403205158163921 rs137621
22 39710664 0.244573663099844 rs7285530
22 39711351 2.91438789161584e-07 rs2076125
22 39711725 0.264755704021505 rs9607632
22 39712011 0.00718829710517675 rs84491
22 39712314 0.731119152478101 rs126230
22 39712334 0.396806724538731 rs94852
22 39712368 0.354696206161564 rs470080
22 39712394 2.93634076499009e-07 rs2007418
22 39712936 0.0070683708661549 rs12484030
22 39712981 0.730049800436803 rs137623
22 39713105 0.638553823734772 rs470081
22 39713128 0.0293747639377987 rs2072872
22 39714216 0.0296460141793647 rs738331
22 39714490 0.393226925481765 rs6509
22 39714704 2.04659245884162e-06 rs1569498
22 39714738 0.238559600136071 rs9611144
22 39714908 0.735994481453278 rs137625
22 39715140 0.391214732213088 rs470082
22 39715262 0.0277568737331948 rs5757613
22 39716271 0.63890804094864 rs137626
22 39716341 0.392999017403168 rs137627
22 39717104 2.86701354265356e-07 rs12628367
22 39717233 0.735593240342675 rs137629
22 39717554 2.85318550665771e-07 rs5757614
22 39717645 0.735593240342675 rs137630
22 39717706 0.735593240342675 rs137631
22 39718038 0.00898559345544023 rs114670885
22 39718255 0.00894833484894992 rs12170171
22 39718379 0.735837138460602 rs137633
22 39718406 0.00894833484894992 rs58599024
22 39718416 0.393198793825513 rs137634
22 39718564 0.00895368772857787 rs17305131
22 39719148 0.0089391212418097 rs12483879
22 39719565 0.00895655718719846 rs12483932
22 39719628 0.00974845190099122 rs12483923
22 39719755 0.224962389416303 rs9611147
22 39720348 0.224943477558067 rs5995711
22 39720656 0.402832932332165 rs137635
22 39720821 0.00895725900859694 rs75026781
22 39721299 0.00896210237481211 rs117385880
22 39721745 2.10450166448265e-07 rs12627970
22 39722477 0.403163995231517 rs137636
22 39722714 0.0106497119780263 rs5757617
22 39722886 0.0106497119780263 rs11704319
22 39723232 0.2249466870269 rs6001534
22 39723335 0.737693593888466 rs137637
22 39724137 3.39859579863688e-07 rs12627761
22 39724551 3.53483595195725e-07 rs5757618
22 39724558 3.53716694324964e-07 rs5757619
22 39725280 2.07001824057337e-07 rs5750789
22 39725847 0.342875883862408 rs137639
22 39726559 0.738440505168301 rs137641
22 39726809 0.00589053002218312 rs115371106
22 39727600 0.224963888044539 rs7291413
22 39727780 0.224913400318153 rs7291714
22 39728032 0.737918890253249 rs137643
22 39728139 0.331702085773712 rs137644
22 39728575 0.00589053002218312 rs115038091
22 39728714 0.713400806834982 rs137646
22 39728861 2.07064300068532e-07 rs5757622
22 39729249 2.07276899648262e-07 rs28591484
22 39729557 0.00582863730928682 rs116136126
22 39729617 0.224705681890013 rs9611152
22 39729777 0.00589162115364142 rs115263847
22 39730700 0.737189937744285 rs137649
22 39730795 8.97004302550423e-07 rs62228404
22 39730907 8.97773888748041e-07 rs62228405
22 39730917 0.737197817681541 rs137650
22 39731536 0.200392162994534 rs12159247
22 39731680 9.00042147320662e-07 rs12163078
22 39732171 0.00368811679859922 rs137653
22 39732190 0.094672950813792 rs117210036
22 39732413 0.372396661913149 rs137654
22 39732665 0.0386724285196057 rs12485061
22 39733058 0.199345775597329 rs7285049
22 39733096 0.000475283067790718 rs7285952
22 39733242 0.375853591450371 rs137657
22 39733257 0.510071109703464 rs137658
22 39733316 0.510196768995484 rs137659
22 39733487 0.859546119411764 rs58401738
22 39733521 9.00832377164306e-07 rs12627838
22 39734668 0.736909834175404 rs137663
22 39735047 0.735006857827753 rs137665
22 39735055 0.199301557745544 rs6001540
22 39735210 0.00599077186201747 rs75378967
22 39735378 0.65302457697651 rs137666
22 39735509 0.00365972676108919 rs137668
22 39737090 0.332915576475408 rs137671
22 39737094 0.333885514454559 rs137672
22 39737350 8.16630235130247e-07 rs5757624
22 39737669 0.308435124356057 rs137673
22 39738243 6.56811566307037e-06 rs5757625
22 39738425 0.025814577805474 rs137682
22 39738501 0.0708019443744044 rs137683
22 39738725 0.629788048567881 rs137684
22 39739187 0.00230080337887419 rs9611155
22 39739628 0.350358226134699 rs137685
22 39739638 0.00878491180958364 rs137686
22 39740078 0.349768897964431 rs137687
22 39741091 0.349872897598565 rs137688
22 39741840 2.22858225509015e-05 rs74804869
22 39741935 0.551585468925494 rs62228427
22 39742388 0.551594070470391 rs62228428
22 39742406 0.319427715893354 rs137689
22 39742825 0.00610642639345967 rs137690
22 39743170 0.00996171410770775 rs9611156
22 39743430 0.551585534694778 rs9611157
22 39744223 0.714733630003948 rs137695
22 39745241 0.555462657357709 rs9607634
22 39745260 0.551585534694778 rs9607635
22 39745639 0.349858876480965 rs137697
22 39745698 0.349952719157241 rs9607636
22 39746168 2.52817736296994e-05 rs3747177
22 39746424 0.324192619717923 rs12166817
22 39746803 0.34694531333989 rs137698
22 39746821 0.552166482238656 rs57223197
22 39747050 2.52149502709925e-05 rs2267407
22 39747087 0.552110873427163 rs56094831
22 39747418 0.542172128728772 rs9611160
22 39747419 0.542172128728772 rs9607637
22 39747671 0.0033109386496502 rs909685
22 39747780 0.00263416860797931 rs2069235
22 39748371 0.241975874367424 rs11705183
22 39748854 0.000553700921135678 rs137699
22 39748912 2.50095519908538e-05 rs1807560
22 39749981 2.48673112740216e-05 rs5757628
22 39749984 0.551727440710003 rs6001552
22 39750146 0.00998296995921931 rs137701
22 39750158 0.00994429268167345 rs137702
22 39750241 0.000667692476162834 rs137703
22 39750457 0.551881397642825 rs8141261
22 39751251 2.5634295775611e-05 rs715505
22 39751394 0.000992843635268341 rs137705
22 39751711 0.55099813963127 rs6001553
22 39751774 0.0129315605750221 rs137708
22 39752103 0.550952333178177 rs55995917
22 39752527 0.541024715354552 rs3788551
22 39752991 0.541273687437193 rs2010904
22 39753003 0.540721231747227 rs2003675
22 39753266 0.541368035575793 rs760741
22 39754433 0.00167032423248124 rs5757630
22 39755175 0.00168528170920139 rs2413588
22 39755190 0.00168265657584222 rs760742
22 39755528 0.541202428752996 rs112796610
22 39755689 0.0142863499987138 rs2413589
22 39755773 2.81188349513438e-05 rs61616683
22 39755787 0.0983664159725415 rs79951272
22 39755953 0.00116069727995108 rs5757631
22 39756097 0.00115712722108054 rs5757632
22 39756270 0.00169546027638588 rs5757633
22 39756650 2.81077692945053e-05 rs2049985
22 39756854 0.00116946656564203 rs2049986
22 39756985 0.0193618220275038 rs4821887
22 39757656 0.542602151371698 rs9607639
22 39758253 0.454200544355283 rs715503
22 39758509 0.360280349977403 rs5757636
22 39758541 0.380451247108765 rs5757637
22 39758830 0.333748885060928 rs2267408
22 39758844 0.0739793374744462 rs5757638
22 39758881 0.266963401523867 rs10745050
22 39760883 0.154786438227363 rs739363
22 39761245 0.164654608630496 rs2012906
22 39761255 0.173298405684953 rs2012907
22 39764824 0.0135939046666847 rs5757642
22 39765604 0.0185841404462607 rs7286714
22 39766440 0.0185669752465206 rs5757644
22 39767011 0.0185117301274874 rs5750806
22 39767247 0.0185846426129676 rs9611162
22 39767291 0.0185054690462569 rs9611164
22 39767994 0.599708212531569 rs78751209
22 39768080 0.58575755773338 rs11704158
22 39769818 0.0219302425307628 rs1569499
22 39770597 0.0141056366633127 rs4821888
22 39770780 0.0143666161146909 rs4820377
22 39771687 0.512011037028578 rs5757646
22 39771920 0.886028706658544 rs1297231
22 39774448 0.132001232287694 rs6001566
22 39774525 0.125884056671855 rs6519190
22 39775047 0.162155899661638 rs5757647
22 39775156 0.162503330509171 rs5757648
22 39775250 0.162569659699385 rs9611165
22 39775268 0.162005823837437 rs9611166
22 39775400 0.16219075023121 rs6001567
22 39775583 0.202941399994633 rs9611167
22 39775786 0.153584087896195 rs6001568
22 39777254 0.206211512618292 rs4821889
22 39777523 0.205870751597221 rs4821890
22 39778167 0.154642806421516 rs1010169
22 39778327 0.154642806421516 rs1010170
22 39778419 0.188507924705279 rs5757650
22 39779300 0.199340241734949 rs756640
22 39780961 0.991089133944979 rs1043395
22 39781429 0.20632105895046 rs7423
22 39781585 0.185678426840773 rs1007337
22 39781855 0.187872743154993 rs5757652
22 39783027 0.152289678835364 rs9611169
22 39784136 0.471939779263421 rs8143036
22 39784845 0.282527447729287 rs9611170
22 39785242 0.283535798960104 rs2142848
22 39785381 0.283501452626304 rs4821891
22 39790191 0.1851396365035 rs2413590
22 39790987 0.185236016980298 rs5750808
22 39791491 0.185304907705097 rs5750809
22 39792943 0.185211261542367 rs5750810
22 39793066 0.181200725911465 rs5750811
22 39793079 0.241628400111886 rs5750812
22 39793655 0.181206348843539 rs4321460
22 39793734 0.185427603928485 rs4386422
22 39793766 0.242125814697353 rs4384886
22 39794071 0.0403913139329564 rs5757653
22 39794124 0.24897022576526 rs5757654
22 39794241 0.190227890049729 rs7292066
22 39795228 0.18534475045237 rs5750813
22 39795683 0.185143269561703 rs4821892
22 39796097 0.0244859329074993 rs3830119
22 39797178 0.275425757954913 rs5757655
22 39797779 0.224693440475849 rs4821893
22 39797987 0.232106709422411 rs5750814
22 39798127 0.324200689856474 rs34026806
22 39798429 0.232094170713814 rs5757657
22 39798449 0.220720490430172 rs5750815
22 39799789 0.221343711040625 rs4429561
22 39800704 0.232210588569698 rs4337572
22 39801748 0.740832744150817 rs17001091
22 39802495 0.980732172020955 rs34546629
22 39806153 0.326376950716313 rs6001582
22 39809820 0.288363457911972 rs4821894
22 39810379 0.288817708679366 rs5750816
22 39812409 0.288413378614378 rs5757659
22 39812986 0.270690105361272 rs6001585
22 39814613 0.514761028225569 rs35286491
22 39819008 0.287375153594088 rs6001587
22 39819049 0.287410361941169 rs6001588
22 39820885 0.287628613344209 rs5750818
22 39821319 0.287230184461699 rs5757663
22 39821536 0.239447661161815 rs5757664
22 39821641 0.240364083548996 rs5757665
22 39822116 0.283482149310143 rs5757667
22 39823015 0.283611661988524 rs4821895
22 39824450 0.549447463087395 rs739141
22 39824707 0.241156753993229 rs743838
22 39825322 0.282172310423669 rs5750820
22 39825492 0.278932338150495 rs5750821
22 39826788 0.277134490659685 rs5750822
22 39827553 0.277161101127758 rs7949
22 39828725 0.271245129439642 rs9611174
22 39829736 0.273101340941686 rs5757670
22 39829973 0.375200171694707 rs5750823
22 39830123 0.100835419202476 rs5750824
22 39831278 0.354953266071342 rs5750825
22 39831986 0.375834281472976 rs1972280
22 39832113 0.25037079179295 rs5750826
22 39833437 0.372312121257643 rs4821896
22 39834102 0.235433316293977 rs73167342
22 39835083 0.227167287752177 rs5750828
22 39835587 0.298664862678067 rs4821897
22 39837472 0.296569348574609 rs6001594
22 39837625 0.296472409685702 rs2899318
22 39837920 0.298651013513569 rs5757673
22 39838003 0.163149715673418 rs9611176
22 39838018 0.235936780203849 rs5750829
22 39838352 0.296449467075202 rs4821898
22 39838892 0.275231259483409 rs5757675
22 39839293 0.338665667953251 rs6001595
22 39839670 0.275441481870827 rs8138462
22 39840130 0.914910236906015 rs9611177
22 39840828 0.410557815111945 rs5750830
22 39841533 0.239352890176205 rs28685576
22 39841700 0.206485259584511 rs5757676
22 39842165 0.329145363815726 rs7364148
22 39843091 0.408330352661565 rs5750833
22 39843409 0.429783519770835 rs5757678
22 39843537 0.329738963055968 rs9306335
22 39844350 0.329543447097462 rs8137426
22 39844574 0.266140509534817 rs8136980
22 39844786 0.451831470587456 rs4497965
22 39844793 0.330192186868566 rs5757680
22 39845547 0.326279544950177 rs5757681
22 39845898 0.439554226885215 rs1005522
22 39848259 0.332473787366508 rs5757682
22 39850174 0.42516092733641 rs5757683
22 39851584 0.426830326129739 rs5757684
22 39851970 0.431443577470609 rs1557541
22 39852350 0.431331394364604 rs1557542
22 39852648 0.347799257224628 rs1557543
22 39852720 0.353137855550324 rs6001599
22 39852921 0.443818741396366 rs6001600
22 39854421 0.328451550574377 rs5995735
22 39855540 0.328371074966816 rs5757685
22 39855575 0.418121296052559 rs738286
22 39855728 0.327966135909798 rs738287
22 39855883 0.326643789660608 rs738289
22 39856032 0.432912633064066 rs738290
22 39856356 0.3259893591808 rs738285
22 39858196 0.211621228713306 rs2413592
22 39859169 0.206651450631708 rs909674
22 39860130 0.193672022610801 rs2008174
22 39860589 0.209792027338296 rs3959642
22 39862341 0.88506308983421 rs760714
22 39862343 0.822495066300321 rs760715
22 39863046 0.334004444618352 rs28670891
22 39863326 0.836791608472924 rs5750840
22 39863731 0.398334734241311 rs9611183
22 39865475 0.990656143369313 rs6001601
22 39866080 0.922187917903294 rs2267412
22 39866938 0.868455873412949 rs2284076
22 39867661 0.300054273872255 rs8137052
22 39868109 0.545035144932504 rs6519193
22 39869209 0.625284219464483 rs4820378
22 39869719 0.617655312993416 rs4821900
22 39869997 0.543794674439762 rs1984662
22 39872073 0.645517638074794 rs12628962
22 39872127 0.528078463353394 rs2413593
22 39872700 0.700987848148703 rs5757690
22 39872707 0.426158495818553 rs1003538
22 39873470 0.504987389229303 rs9306336
22 39873937 0.341134895276852 rs12484278
22 39874314 0.591092754162842 rs2899319
22 39874790 0.83869968828405 rs760712
22 39875595 0.473787209700857 rs760713
22 39875966 0.470367300815518 rs4821901
22 39878998 0.72139828750491 rs34943118
22 39879679 0.690742089613393 rs2009774
22 39881000 0.705843652869979 rs2009999
22 39881140 0.93731294599691 rs17001167
22 39883344 0.976238241636063 rs4821902
22 39886217 0.889628383690751 rs6001605
22 39887686 0.591168826717374 rs3827380
22 39888774 0.617964232531653 rs1033415
22 39888861 0.889776674183942 rs12157593
22 39889080 0.784176516040733 rs2017711
22 39891343 0.916967390322648 rs34692520
22 39892859 0.883703309781424 rs6001609
22 39893120 0.452023141603836 rs12484582
22 39893932 0.917305110711984 rs12484673
22 39895939 0.81116854944756 rs9611186
22 39895944 0.811237675434825 rs9611187
22 39897163 0.658003271689121 rs7287617
22 39897792 0.813758597612075 rs2294360
22 39897849 0.919482528251188 rs34109257
22 39899945 0.839402718807714 rs742143
